-0.001622 0.002379 -0.002225 -0.003224 -0.003053 0.004933 -0.000238 -0.002770 -0.006234 -0.003908 -0.005807 0.004595 0.011123 -0.000151 -0.015956 -0.002465 -0.003695 -0.008455 0.001238 0.001940 
-0.001622 0.002379 -0.002225 -0.003224 -0.003053 0.004933 -0.000238 -0.002770 -0.006234 -0.003908 -0.005807 0.004595 0.011123 -0.000151 -0.015956 -0.002465 -0.003695 -0.008455 0.001238 0.001940 
0.000410 -0.000263 -0.006570 -0.005978 -0.004767 0.004064 -0.003482 -0.002621 -0.005819 -0.002409 -0.011643 0.011361 0.005144 -0.006933 -0.020609 -0.012172 -0.016159 0.002259 -0.001039 -0.000143 
0.018865 -0.020966 0.025853 -0.001997 0.007999 -0.018806 0.025761 -0.000828 -0.031049 0.009024 -0.045957 0.065405 0.054935 -0.002938 -0.020368 0.076666 -0.072441 0.002969 0.055161 0.009810 
-0.000000 0.000000 0.000000 0.000000 0.000000 -0.000000 0.000000 -0.000000 0.000000 0.000000 -0.000000 -0.000000 0.000000 0.000000 0.000000 -0.000000 -0.000000 0.000000 -0.000000 -0.000000 
0.016478 -0.002427 -0.015336 -0.006426 -0.010932 -0.018629 0.012442 0.003959 -0.020819 0.002312 -0.002172 0.000063 0.001561 0.004039 -0.015132 -0.055053 -0.010483 0.000262 -0.010137 0.050290 
0.002854 0.007681 -0.007839 -0.003499 -0.004422 0.029025 0.018440 -0.027517 -0.037026 -0.009842 0.046603 -0.010506 0.076820 0.044165 -0.057940 -0.039297 0.048078 0.052239 0.026223 -0.049634 
-0.004281 0.002560 -0.019634 -0.003458 -0.006332 0.038161 0.020806 -0.013744 -0.022326 -0.043014 0.034885 0.015908 0.068783 0.018767 -0.052054 -0.074815 0.018841 0.066372 0.024099 -0.036873 
-0.003143 0.005186 -0.005151 -0.005942 -0.006048 0.008091 0.001186 -0.007725 -0.009816 -0.008587 -0.008149 0.007105 0.025800 -0.001251 -0.027159 -0.008298 0.002320 -0.017066 -0.007380 -0.000016 
-0.003143 0.005186 -0.005151 -0.005942 -0.006048 0.008091 0.001186 -0.007725 -0.009816 -0.008587 -0.008149 0.007105 0.025800 -0.001251 -0.027159 -0.008298 0.002320 -0.017066 -0.007380 -0.000016 
-0.003143 0.005186 -0.005151 -0.005942 -0.006048 0.008091 0.001186 -0.007725 -0.009816 -0.008587 -0.008149 0.007105 0.025800 -0.001251 -0.027159 -0.008298 0.002320 -0.017066 -0.007380 -0.000016 
-0.007003 -0.000396 0.004353 0.000715 0.004387 0.006173 0.031233 0.008516 0.005224 0.014229 -0.017239 0.018390 0.014552 -0.036279 0.006483 0.028476 -0.047472 -0.024296 0.017414 -0.005577 
-0.001101 0.001927 -0.007139 -0.003997 -0.007789 0.005206 -0.009153 0.000224 0.002288 -0.000607 -0.007716 0.022805 0.001323 -0.010945 -0.029548 0.002075 -0.014976 0.007830 -0.015451 0.003856 
-0.004059 -0.003853 -0.021910 -0.020601 -0.016104 0.010549 -0.017883 -0.015362 -0.018447 -0.043469 0.009263 0.007859 0.012457 -0.015785 -0.082126 -0.042913 0.009447 0.028365 -0.044834 -0.047380 
-0.005265 -0.007200 -0.016685 -0.020499 -0.026256 0.012463 0.000360 -0.026077 -0.047682 -0.048394 0.054398 0.014171 0.000243 0.014099 -0.101437 -0.054707 0.019382 0.076029 -0.060115 -0.092919 
-0.008570 0.009254 -0.020287 -0.012782 -0.018942 0.020466 -0.004147 -0.026655 -0.019247 -0.044592 0.023540 0.003582 0.067709 0.023404 -0.090232 -0.080070 0.029773 0.026804 -0.023456 -0.082326 
-0.020457 0.047592 -0.029920 -0.040981 -0.057335 0.048213 -0.004866 -0.046550 -0.054693 -0.068712 -0.018687 0.020142 0.149977 0.004696 -0.139863 -0.072404 -0.019921 -0.008240 -0.031541 -0.019014 
-0.014773 0.049838 -0.021278 -0.005070 -0.051512 0.071481 -0.028206 -0.050142 -0.029296 -0.063010 -0.053211 0.105789 0.109666 -0.004706 -0.077463 -0.099695 -0.073792 -0.073598 0.004725 0.005937 
-0.008379 0.051695 -0.013084 0.014187 -0.049479 0.078140 -0.035586 -0.048318 -0.005098 -0.040730 -0.066870 0.132911 0.069515 -0.019008 -0.025770 -0.089875 -0.091188 -0.105089 0.018450 0.029759 
-0.007678 0.007445 -0.008880 0.003271 -0.003685 -0.003008 -0.010594 -0.010414 -0.000821 -0.005799 -0.007566 -0.003580 0.012557 -0.005002 0.013223 -0.023601 -0.052887 -0.008213 0.042761 0.004463 
-0.004711 0.014078 -0.007465 -0.002712 -0.013699 0.006044 -0.004487 0.003532 -0.011983 -0.011949 -0.021963 0.006937 0.009829 -0.007514 -0.009967 -0.012820 0.020542 -0.013263 -0.018248 0.031552 
-0.000000 0.000000 -0.000000 -0.000000 0.000000 0.000000 -0.000000 -0.000000 0.000000 -0.000000 0.000000 0.000000 0.000000 0.000000 0.000000 -0.000000 -0.000000 -0.000000 -0.000000 0.000000 
-0.009084 0.009469 0.006220 -0.004948 -0.010281 0.027929 -0.000708 -0.009374 -0.039517 -0.009740 -0.028441 0.005838 -0.042690 0.023045 0.000591 -0.030221 0.014857 -0.005050 -0.013297 0.044121 
-0.015536 0.012439 -0.036206 -0.043500 -0.046189 0.041708 -0.002848 -0.026891 -0.034387 -0.071056 0.012994 -0.021917 0.094541 0.001172 -0.081297 -0.012371 0.042954 0.064005 -0.089067 -0.004655 
-0.032595 0.112356 -0.006678 -0.077249 -0.125709 0.063560 -0.061002 -0.089814 -0.083102 -0.107574 -0.031092 -0.001195 0.237709 0.056967 -0.138161 -0.042641 -0.032674 0.090583 0.031116 -0.036374 
-0.007093 0.131691 0.003749 -0.017414 -0.106785 0.128353 -0.072468 -0.120468 -0.041207 -0.055061 -0.078412 0.106195 0.193815 -0.001052 -0.040879 -0.092401 -0.012285 -0.023909 0.013682 -0.024716 
-0.014629 0.160914 0.009113 -0.008948 -0.082286 0.143859 -0.123553 -0.147957 -0.041648 0.024350 -0.113500 0.089035 0.134728 -0.000876 0.098885 -0.022636 -0.132826 -0.008897 0.131434 0.004425 
0.006204 0.076536 0.001406 0.018676 -0.008351 0.098644 -0.053025 -0.053120 -0.027479 -0.008002 -0.131725 0.105797 -0.104193 -0.020943 0.101243 -0.066628 -0.013643 -0.084982 0.052773 0.041790 
-0.001196 0.017782 -0.001081 -0.021654 0.007241 0.012495 -0.010340 -0.002457 -0.033246 -0.000661 -0.042343 -0.012233 -0.057318 0.009963 0.028046 -0.017285 0.018513 -0.002996 0.007680 0.032193 
-0.015312 0.027182 -0.007460 -0.051477 -0.015382 0.034945 0.012600 -0.020029 -0.027829 -0.022125 -0.010661 0.066957 -0.110310 0.043386 0.064169 -0.007662 -0.028522 -0.024658 -0.077577 0.166917 
-0.019466 0.001195 0.001052 -0.031840 -0.007483 0.015695 -0.007948 0.011650 0.020166 -0.021981 0.058738 0.080197 0.006910 0.027213 -0.007257 0.048135 -0.043709 -0.036808 -0.141055 0.191491 
-0.022747 0.013388 0.001761 -0.057776 -0.001724 0.011584 0.013245 0.015231 0.009458 -0.023937 0.044378 0.072161 0.010156 0.041016 -0.012458 0.036112 -0.007167 -0.031287 -0.170181 0.129996 
-0.025448 0.114076 0.032412 -0.096902 -0.114375 0.010210 -0.061345 -0.092961 -0.047185 -0.072331 0.009930 -0.056761 0.071410 0.071420 0.011338 0.063804 -0.034176 0.167475 0.090624 0.017476 
0.039477 0.243577 0.025300 -0.041227 -0.151587 0.076582 -0.033093 -0.201686 -0.060724 -0.038880 -0.077120 -0.121287 0.011817 0.053201 -0.007029 0.050934 0.030372 0.018875 0.062356 0.045755 
0.055610 0.248809 0.035470 -0.045166 -0.105228 0.085872 0.049229 -0.231728 0.005386 0.040187 -0.129030 -0.137354 0.007028 0.051213 -0.033662 0.006407 -0.029193 -0.135048 0.074818 0.079751 
0.004437 0.120634 0.011899 -0.022188 -0.041865 0.090351 -0.058802 -0.095531 0.032858 0.055700 -0.160057 0.098661 -0.156724 -0.008705 0.096391 -0.078433 0.015862 -0.117358 0.115090 -0.046876 
0.005976 0.069153 0.010939 0.013317 -0.026317 0.067164 -0.013870 -0.028355 0.050796 0.063192 -0.062983 0.114774 -0.081242 -0.118203 0.092488 -0.000903 0.138010 -0.018235 -0.023721 0.033622 
-0.010591 0.037914 0.035275 0.010260 -0.055794 0.013202 -0.028082 -0.033872 0.091987 0.051442 0.007555 0.185968 0.024430 -0.143397 0.088554 0.004047 0.070279 0.028365 -0.044538 0.070292 
-0.019942 0.056643 0.039821 0.019455 -0.093528 0.052894 -0.026614 -0.048467 0.094529 0.023904 0.010755 0.247815 0.030308 -0.147330 0.063011 0.008842 0.041017 0.017870 -0.126627 0.159611 
-0.016493 0.019961 0.006230 -0.037103 -0.034396 0.014439 -0.014052 -0.014528 0.007720 -0.029988 0.047918 0.081994 0.042404 0.001413 -0.000171 0.037667 -0.063832 -0.001762 -0.046450 0.156103 
-0.005758 0.110802 0.121499 -0.137572 -0.094943 -0.106538 -0.076319 -0.082059 -0.029688 -0.062227 0.086303 -0.083633 -0.139127 0.141206 0.205622 0.052681 -0.026755 0.199625 0.112858 -0.099882 
0.115632 0.170498 0.085750 -0.192997 -0.064242 -0.126683 0.072866 -0.093622 -0.159009 -0.105573 0.011213 -0.238603 0.014278 0.118291 0.160967 0.018345 -0.140069 0.060934 -0.056822 0.147225 
0.121016 0.232118 0.038750 -0.131512 -0.124329 -0.014417 0.165627 -0.026050 -0.138253 -0.008383 0.009816 -0.077886 0.031599 -0.100116 0.019516 0.039043 0.112825 -0.126896 -0.060741 -0.020677 
0.115398 0.232226 0.012416 -0.041841 -0.153790 -0.012338 0.092347 0.038474 -0.029365 0.036890 0.062850 -0.102892 0.013358 -0.123406 0.052555 -0.027825 0.313289 -0.028794 -0.092206 -0.055608 
0.065722 0.136823 0.019191 0.141643 -0.109242 0.015290 0.029793 -0.034819 0.202078 0.178428 0.048212 0.041543 -0.041833 -0.128526 0.023394 0.128660 0.167046 0.120297 -0.048842 0.171884 
0.007447 0.150347 0.047864 0.176726 -0.143629 -0.019686 -0.038937 0.002312 0.284226 0.166519 0.009093 0.081542 -0.027918 -0.011836 0.057888 0.025917 0.043718 0.260950 0.031583 -0.136319 
-0.029636 0.068581 0.035616 0.080780 -0.094311 -0.042079 -0.073571 -0.037963 0.168970 -0.005314 -0.019724 0.159224 0.025431 -0.016081 0.005014 -0.088514 -0.024495 0.124053 0.067223 -0.042698 
-0.030656 0.045411 0.052864 0.062502 -0.083405 -0.075931 -0.085939 -0.038384 0.129393 -0.010686 0.017711 0.093542 0.013503 0.002610 -0.000620 -0.074512 -0.063329 0.111185 0.074137 -0.028123 
0.006714 0.039583 0.273510 -0.182835 0.030332 -0.175215 -0.134642 -0.032624 0.003425 -0.103956 0.219472 0.010025 -0.192091 0.137529 0.274366 -0.012948 -0.010117 0.032535 -0.215129 -0.121765 
0.129819 0.086615 0.207128 -0.216287 -0.140240 -0.071461 -0.081588 0.085019 -0.008930 0.083981 0.061624 0.199458 -0.046583 -0.034246 0.068472 0.162810 -0.221934 -0.022962 -0.040149 -0.046852 
0.164332 0.127767 0.024650 -0.145873 -0.053703 0.026219 -0.036336 0.178316 -0.183614 0.081691 -0.143284 0.022165 -0.038920 -0.160182 -0.168380 0.082819 -0.032585 -0.055130 0.031672 -0.061446 
0.173842 0.145005 -0.054823 0.005420 -0.080633 0.022365 0.008688 0.193737 -0.110396 -0.038950 -0.012750 -0.059532 0.139341 -0.105274 -0.088725 -0.084622 0.087124 0.099091 -0.195183 -0.241057 
0.143252 0.128170 -0.021595 0.173577 -0.039353 -0.069692 0.049587 0.196525 0.012199 0.056644 -0.009498 -0.092515 0.050871 0.025161 0.085028 -0.113651 0.128398 0.020172 -0.066807 0.028034 
0.081401 0.164577 0.000362 0.263764 -0.072557 -0.148812 -0.025436 0.167588 0.163681 -0.031757 -0.019068 -0.144957 -0.047223 0.100850 0.024703 -0.126014 -0.040961 -0.131928 0.001039 0.062574 
0.042532 0.155775 0.013279 0.264599 -0.065306 -0.097505 -0.102788 0.070648 0.243528 -0.027673 -0.087265 -0.071527 -0.034636 0.140301 -0.072576 -0.000922 -0.122656 -0.119122 0.043443 -0.137020 
-0.043733 0.063217 0.084794 0.162408 -0.059175 -0.159003 -0.165834 0.037651 0.166505 -0.102299 -0.009381 -0.033215 0.049598 0.089496 -0.043389 -0.031099 -0.132533 0.041454 0.135396 -0.095381 
0.033231 -0.059017 0.360122 -0.081913 0.104779 -0.135050 -0.121193 0.030592 0.032834 0.116055 -0.022777 0.001043 0.066728 -0.047044 -0.056037 -0.113407 0.083783 -0.009425 -0.241940 0.027350 
0.136963 -0.037582 0.298483 -0.158328 0.023349 0.027245 -0.102723 0.067136 0.056885 0.226499 -0.076271 0.042044 -0.088998 -0.060894 -0.029817 -0.055971 -0.058556 -0.249946 0.052147 -0.068505 
0.172359 -0.005065 0.075676 -0.113334 -0.059202 0.242133 0.011948 0.238011 -0.029917 0.105461 -0.114109 0.110800 0.004980 0.080392 -0.105998 0.174709 -0.119302 -0.042678 0.068456 -0.045085 
0.178356 0.017014 -0.002539 0.041250 0.017056 0.217201 -0.037545 0.286827 -0.129089 0.065684 -0.045512 -0.029843 -0.052154 0.103772 0.005447 -0.027002 0.011814 0.267801 0.071378 -0.082101 
0.191014 0.063875 -0.106415 0.051172 0.069531 0.060432 -0.063058 0.090630 -0.065655 -0.025569 0.027443 -0.016157 0.011121 -0.037713 -0.013074 -0.143089 0.058242 0.180568 -0.136075 -0.062497 
0.184294 0.076229 -0.051627 0.118498 0.119511 -0.065643 -0.187796 0.117697 -0.143170 -0.163291 -0.097761 -0.019167 -0.094927 -0.069156 0.034664 0.050607 0.027065 0.004508 -0.040171 0.073399 
0.115984 0.091005 -0.025274 0.129983 0.158352 -0.051136 -0.201771 0.091675 -0.065590 -0.170773 -0.089602 0.012009 -0.029213 -0.161825 0.109231 0.264294 0.048004 -0.100649 0.030515 0.114978 
0.142669 0.077714 -0.020192 0.163187 0.082366 -0.204480 -0.182085 0.078895 -0.085883 -0.194941 -0.188611 -0.023509 -0.016247 -0.057211 0.022710 -0.016209 -0.143619 -0.058569 0.078144 0.191492 
0.011894 -0.075769 0.361090 0.070879 0.163686 -0.119605 -0.027517 -0.012239 0.056475 0.010983 -0.142071 -0.021102 0.229096 -0.012243 -0.181647 0.068409 0.098043 -0.005125 -0.107949 -0.090115 
0.073037 -0.114914 0.387947 0.007846 0.031681 0.036369 -0.029779 -0.021833 -0.000753 0.067536 -0.000111 -0.081730 0.234204 -0.057497 -0.017205 -0.003772 0.112786 0.002712 0.301812 0.013642 
0.165725 -0.092195 0.151988 0.043636 0.039171 0.287372 0.026832 0.113372 0.032129 0.116474 0.017390 -0.079018 -0.028833 0.083946 0.041506 -0.099886 -0.039683 -0.021915 0.041624 0.019635 
0.185277 -0.034983 -0.004806 0.007061 0.097904 0.295085 -0.035217 0.055269 -0.006560 0.040731 0.076699 -0.036400 -0.084281 0.205795 0.073970 -0.118291 -0.123295 0.110458 -0.040744 0.063482 
0.208493 0.005775 -0.084753 0.062472 0.090920 0.074914 -0.107154 -0.074066 0.050410 0.015287 0.059482 -0.008182 0.093564 0.019732 0.069510 -0.059708 0.021366 0.026075 -0.090643 0.023586 
0.194379 0.047341 -0.082878 -0.005655 0.180265 0.017698 -0.096116 -0.176698 -0.018962 -0.035263 0.040078 0.033179 0.037847 0.019933 -0.040719 -0.037717 0.119518 -0.059756 -0.073337 -0.113081 
0.190904 0.012677 -0.077194 -0.012097 0.240565 0.075226 -0.120388 -0.126220 0.011513 0.017638 0.012717 0.013622 -0.121894 -0.012139 -0.018886 0.077494 0.049041 -0.034266 0.119246 -0.037672 
0.076616 -0.013855 0.021948 -0.008855 0.286141 -0.037721 -0.174217 -0.215249 -0.105190 -0.050737 -0.026258 0.050731 -0.019945 -0.072368 -0.023400 0.215166 0.158500 0.201887 0.182326 0.066832 
-0.020302 -0.050560 0.194786 0.203760 0.118663 0.034021 0.210489 -0.073296 -0.095884 -0.109785 -0.187531 0.068682 0.069194 0.056059 0.027409 -0.174484 -0.134465 -0.033890 -0.127745 -0.089367 
0.122084 -0.102566 0.246655 0.207895 0.009184 0.016141 0.196077 -0.116383 -0.077411 -0.043434 0.070822 -0.171971 0.187396 -0.022953 0.034657 0.027465 -0.009560 0.136176 -0.032675 0.246229 
0.158658 -0.087266 0.134477 0.141996 -0.064527 0.183784 0.024841 -0.162567 0.018621 -0.075699 0.227757 -0.068324 0.002077 -0.103612 0.079547 -0.093649 -0.119533 0.020855 0.159295 0.124358 
0.195250 -0.032377 -0.061067 0.035328 0.031920 0.190021 -0.019777 -0.087057 0.132080 -0.047693 0.177426 0.063834 0.099326 0.090586 0.082767 -0.070732 -0.152894 -0.131442 -0.136617 0.113813 
0.201109 -0.020707 -0.120444 0.027081 0.068651 0.014363 -0.033476 -0.147743 0.173068 0.043413 0.073102 0.110998 0.130444 0.014871 0.017261 0.005594 0.070271 -0.050430 -0.066368 -0.048176 
0.189196 -0.007666 -0.096323 -0.081125 0.104196 -0.039205 0.106356 -0.205904 0.184884 0.081191 -0.042326 0.082202 0.089917 0.030821 -0.023635 0.029557 0.051893 -0.116269 -0.053055 -0.167440 
0.147161 -0.010887 -0.102923 -0.174334 0.154637 -0.025027 0.101441 -0.184763 0.224271 0.013461 -0.124539 -0.195245 -0.162048 0.028326 -0.053476 -0.095814 -0.094870 0.062344 -0.013284 -0.170099 
0.164603 0.041758 -0.011521 -0.073827 0.167916 -0.140759 0.100308 -0.165497 0.054983 0.115505 -0.118068 -0.078144 -0.117193 0.029894 -0.028717 -0.078163 -0.041937 0.150640 -0.004999 0.070573 
0.011964 -0.026063 0.056540 0.220581 0.020776 0.041990 0.267063 -0.022201 -0.157966 -0.084120 -0.199317 0.232234 -0.094425 0.084892 0.154475 0.080502 -0.050057 0.040394 0.021575 -0.172164 
0.130381 -0.087496 0.060601 0.208163 -0.128138 -0.024257 0.210249 -0.140350 -0.210549 -0.130621 0.027422 0.204669 -0.177411 -0.106328 -0.002389 0.041494 -0.060655 0.027222 -0.111506 -0.134363 
0.169541 -0.070157 0.055001 0.131186 -0.192583 -0.063725 0.082545 -0.150430 -0.045328 0.014123 0.106631 0.125247 -0.179358 -0.238527 -0.055687 -0.011692 0.044660 0.007243 0.032657 0.007794 
0.181797 -0.095517 -0.029423 0.011498 -0.154652 -0.093668 -0.001836 -0.020893 0.050547 -0.100281 0.278148 -0.117332 0.053721 -0.036718 -0.002642 0.053629 -0.075970 -0.070302 0.033123 -0.184447 
0.188323 -0.097649 -0.073933 -0.071315 -0.100850 -0.009388 0.060670 0.073028 0.188428 -0.034567 0.097484 0.059759 0.089863 0.031821 -0.009128 0.266086 -0.037862 -0.126229 0.015800 0.035011 
0.164049 -0.068399 -0.091474 -0.110823 -0.006940 -0.154565 0.184691 0.064672 0.153631 -0.105779 -0.102154 0.015621 0.145789 -0.136874 -0.065381 0.120179 -0.149929 0.059824 0.156128 0.101555 
0.161575 -0.058438 -0.080627 -0.161152 -0.053634 -0.169937 0.203567 0.090208 0.137501 -0.074193 -0.104519 -0.028727 0.102576 -0.106730 -0.085046 0.053151 -0.116042 0.068878 -0.000250 0.054562 
0.089318 -0.007588 -0.004755 -0.131227 0.025986 -0.151516 0.310166 0.009465 0.047587 0.063873 -0.255343 0.082990 -0.108976 0.076651 0.098889 -0.274636 0.056371 0.045727 0.153197 0.116230 
-0.003486 -0.008675 -0.000204 0.051047 0.025487 0.003820 0.071989 -0.019998 -0.026209 -0.013453 -0.005328 -0.002252 0.098439 0.117095 0.051553 0.228615 -0.013700 -0.024646 0.096572 -0.089485 
0.035775 -0.033501 -0.079009 0.147700 -0.088407 -0.050465 0.100057 -0.041710 -0.089197 0.165139 0.013099 -0.032919 0.063004 0.319940 0.017631 0.362527 0.054176 0.024348 0.007446 -0.012254 
0.141782 -0.140179 -0.015735 0.093969 -0.205649 -0.119540 0.001419 -0.099490 -0.203707 0.137431 0.075345 0.091316 -0.171292 0.140968 -0.165782 0.012088 0.110596 0.011200 0.083236 -0.054856 
0.115822 -0.203446 0.004543 0.022463 -0.239051 -0.151798 -0.117114 -0.039361 -0.125184 -0.000698 -0.021221 -0.034281 -0.104721 0.041505 -0.134478 -0.109139 0.065103 -0.145216 0.124861 -0.022719 
0.111461 -0.154848 -0.045069 -0.056285 -0.115350 -0.103696 -0.130540 -0.036393 -0.047399 -0.201016 0.053698 0.033670 0.072726 -0.040270 0.078989 -0.224386 0.002432 -0.062379 0.133086 -0.068881 
0.084546 -0.218467 -0.026894 -0.155694 -0.101796 0.013187 -0.042755 0.134396 0.078583 -0.264740 -0.022327 0.164551 -0.020384 0.048327 0.158635 -0.027553 0.002694 0.050739 -0.027468 0.040616 
0.027366 -0.096509 -0.011045 -0.095664 -0.091710 0.003490 0.057902 0.112585 0.102856 -0.133083 -0.158362 0.037259 0.088547 -0.033923 0.233456 -0.087921 0.205573 0.110092 0.118015 0.048159 
-0.005998 -0.005581 0.024027 -0.037554 -0.016896 -0.022066 0.078077 0.046513 0.034811 0.010733 -0.036364 0.049000 0.016118 -0.015610 0.065129 -0.032787 0.078516 0.083590 -0.050865 0.023714 
0.027451 -0.036602 -0.062496 -0.027170 0.072781 -0.090257 -0.049248 -0.017314 -0.060337 -0.030385 -0.015737 0.121761 0.110480 0.132762 0.127035 -0.057633 0.271424 -0.128393 0.086496 -0.077906 
0.075260 -0.054481 -0.092507 -0.000268 -0.042521 -0.141816 -0.053930 0.036031 -0.143385 0.121675 0.022099 0.069570 0.240263 0.150505 0.225996 -0.134066 0.134666 -0.196765 0.037319 0.088424 
0.079153 -0.106994 -0.106371 0.052207 -0.133219 -0.140245 -0.112230 -0.016244 -0.102229 0.321518 -0.123067 -0.024234 0.079898 0.183942 0.018288 -0.045111 -0.104050 0.047928 -0.111135 0.232543 
0.012329 -0.195377 -0.047041 -0.011003 -0.169531 -0.022537 -0.184164 -0.080135 -0.008416 0.176542 -0.130873 -0.058466 -0.074255 0.066195 -0.163185 -0.038631 0.039628 0.056228 -0.089423 0.173714 
0.013819 -0.179991 -0.008880 -0.016218 -0.130632 0.068364 -0.161352 -0.087768 0.055810 -0.069172 -0.190071 -0.101940 -0.124471 -0.118506 -0.085287 -0.026389 0.005108 0.124394 -0.028735 -0.071310 
-0.022506 -0.164746 -0.005734 -0.018396 -0.151840 0.157229 -0.075934 0.000759 0.094549 -0.073595 -0.117004 -0.202741 -0.072216 0.013966 0.115042 0.095749 0.169144 -0.193601 -0.022030 -0.082708 
-0.001633 -0.172027 0.011487 -0.017552 -0.117658 0.194606 -0.061484 -0.015890 0.086325 -0.077843 -0.165508 -0.143559 0.001611 0.011101 0.116964 0.111017 0.060901 0.048147 -0.004478 -0.046971 
-0.009322 -0.064553 0.025368 -0.021671 -0.063887 0.099144 0.026523 0.070512 0.086127 -0.051582 -0.096898 -0.061645 0.080943 -0.036796 0.167015 0.055986 0.162480 0.140046 0.040210 0.018623 
-0.008240 -0.045314 -0.041140 -0.001248 0.025229 -0.049677 -0.047624 -0.064022 -0.058500 0.123956 -0.061065 0.034770 0.093340 0.065548 0.145452 0.022808 0.092607 -0.011647 0.038566 -0.046713 
0.041803 -0.070887 -0.034366 -0.035261 0.011476 -0.053786 -0.140779 -0.039722 -0.088673 0.087239 -0.029269 0.087032 0.121957 -0.119870 0.055499 0.013334 -0.146101 0.176899 -0.032890 -0.093058 
0.025673 -0.092554 -0.100695 -0.015180 -0.057691 -0.073388 -0.151930 -0.031038 -0.070289 0.117703 -0.089741 0.030988 0.113014 -0.073164 0.089027 -0.017673 -0.093633 0.222029 -0.088333 -0.065304 
0.001377 -0.074330 -0.051113 -0.000171 -0.070058 0.033557 -0.068726 -0.076465 0.038229 0.015068 -0.082753 -0.088012 -0.017044 -0.059079 0.028242 0.004609 -0.065548 0.073761 -0.133882 0.009038 
-0.023132 -0.066452 -0.033790 0.028460 -0.036236 0.025531 -0.033658 -0.091488 -0.036402 0.042054 -0.090464 -0.139343 -0.020920 -0.207091 0.033363 0.029041 -0.015200 0.003022 -0.128154 0.099623 
-0.037133 -0.085745 0.007100 0.075457 -0.065277 0.037234 0.007903 -0.087996 0.015226 -0.050492 -0.133212 -0.183889 -0.050325 -0.134284 0.027648 0.037285 0.008689 -0.112667 -0.141218 -0.016148 
-0.024400 -0.070244 0.009978 0.054497 -0.067027 0.041388 0.011732 -0.054010 -0.010637 0.003025 -0.088892 -0.184172 0.060145 -0.112689 0.193030 0.041536 -0.035105 -0.129944 -0.081274 -0.128082 
-0.008936 -0.008745 0.000440 0.019891 0.005103 0.015081 0.020509 -0.000031 -0.026163 0.022114 -0.020133 -0.014068 0.049739 -0.004123 0.094475 0.029792 -0.048087 0.003946 0.004231 -0.056353 
-0.009099 -0.006234 -0.029040 -0.002313 0.002126 -0.029029 0.004316 -0.008170 -0.015158 0.076773 -0.006622 0.001030 0.042264 -0.032864 0.076805 0.002070 -0.060786 0.000782 0.001180 -0.044620 
-0.010618 -0.006405 -0.035172 -0.004369 0.032805 -0.038714 0.006808 -0.032204 -0.011530 0.092187 -0.025563 0.012966 0.063366 -0.016946 0.083929 0.013482 -0.012907 0.006288 0.047076 -0.083726 
-0.010618 -0.006405 -0.035172 -0.004369 0.032805 -0.038714 0.006808 -0.032204 -0.011530 0.092187 -0.025563 0.012966 0.063366 -0.016946 0.083929 0.013482 -0.012907 0.006288 0.047076 -0.083726 
-0.029803 -0.008490 -0.060052 0.047016 0.007161 -0.038270 -0.009034 0.011158 -0.017411 0.099902 -0.007389 -0.055675 0.030756 -0.115295 0.127943 0.000710 -0.147930 -0.012108 -0.027789 -0.088175 
-0.024104 -0.005552 -0.047122 0.008876 0.024683 -0.031655 -0.007191 0.001181 -0.041683 0.116628 0.023814 -0.042841 0.040503 -0.125957 0.110712 -0.000864 -0.118660 -0.044331 0.012064 -0.064796 
-0.025352 -0.010414 -0.050465 0.021764 0.019759 -0.022015 0.011111 -0.004582 -0.059347 0.111367 0.004725 -0.034903 0.030095 -0.103835 0.115594 -0.004921 -0.138080 -0.002657 -0.035384 -0.067174 
-0.022303 -0.014256 -0.014573 0.040616 0.015776 0.001363 0.013284 -0.001082 -0.063056 0.084932 -0.037150 -0.050861 0.055958 -0.070473 0.129650 -0.003373 -0.119574 -0.012520 -0.056250 -0.093468 
-0.014623 -0.011864 -0.010916 0.021934 0.006473 -0.000416 0.007177 -0.006552 -0.041830 0.080729 -0.028966 -0.030830 0.061929 -0.029160 0.111608 0.018932 -0.070588 -0.013443 -0.024277 -0.094040 
-0.010010 -0.003936 -0.025997 -0.004242 0.009237 -0.017755 0.013163 -0.003281 -0.001706 0.045520 -0.002924 -0.011879 0.023444 -0.047667 0.061038 0.011168 -0.050014 -0.020485 -0.001979 -0.024840 
-0.009033 -0.006155 -0.020311 0.007897 -0.002662 -0.009385 0.000816 -0.009396 -0.021923 0.049914 -0.004438 -0.022739 0.025471 -0.049541 0.072467 0.017718 -0.048376 -0.023347 -0.026043 -0.033974 
-0.011305 -0.002390 -0.013837 0.005573 0.013301 -0.030768 -0.004302 -0.011090 0.013711 0.060204 0.024038 -0.012976 -0.000814 -0.032672 0.022792 -0.013420 0.011501 -0.003693 0.022492 -0.011167 
-0.014601 -0.004772 -0.034838 0.006961 0.011117 -0.021192 -0.013254 -0.002064 -0.039300 0.088692 0.014942 -0.021446 0.039652 -0.066191 0.098672 0.006721 -0.045327 -0.030001 0.008055 -0.043354 
-0.038359 -0.001838 -0.068597 0.009436 0.044304 -0.010882 0.020151 0.045075 -0.065891 0.167195 0.122538 -0.073446 0.023276 -0.203507 0.096899 -0.066338 -0.088092 -0.023630 0.150301 -0.034693 
-0.031266 0.004851 -0.049915 0.002188 0.044660 0.001277 0.029305 0.049671 -0.040190 0.093740 0.132215 -0.066985 -0.025803 -0.144510 0.018095 -0.085672 -0.035768 0.006743 0.164501 0.006560 
-0.006604 -0.005637 0.002042 0.016373 -0.006731 -0.019072 0.004517 -0.021172 -0.023855 0.033040 0.008258 0.000498 0.000552 -0.001075 -0.001128 0.015522 0.006874 0.014860 0.001089 0.008181 
-0.007310 -0.003244 -0.018874 0.004443 0.002607 -0.014953 -0.002995 -0.004843 -0.026846 0.061068 0.001146 -0.002527 0.040591 -0.012300 0.066128 0.012722 -0.042413 -0.009051 -0.003068 -0.047274 
-0.004271 -0.001054 -0.007218 0.000744 0.002976 -0.000523 0.000968 0.001260 -0.001831 0.009721 0.005581 -0.015898 -0.002877 -0.029230 0.014299 0.001948 -0.007562 -0.021101 -0.004526 -0.002398 
-0.005488 0.001856 -0.007872 -0.003719 -0.001821 0.005411 0.000469 -0.003499 -0.007160 0.005599 0.007191 -0.009358 0.007356 -0.030994 0.009832 0.001951 -0.023466 -0.029984 -0.002029 0.017778 
-0.005488 0.001856 -0.007872 -0.003719 -0.001821 0.005411 0.000469 -0.003499 -0.007160 0.005599 0.007191 -0.009358 0.007356 -0.030994 0.009832 0.001951 -0.023466 -0.029984 -0.002029 0.017778 
-0.023724 0.006655 -0.034104 0.000206 0.023198 0.015097 0.018364 0.050327 -0.020948 0.051284 0.111014 -0.042831 -0.021875 -0.116667 -0.016081 -0.080933 0.008323 -0.022264 0.126178 0.063556 
-0.017589 0.006307 -0.024729 0.000073 0.024793 0.015147 0.023844 0.053632 -0.015858 0.042495 0.113667 -0.039159 -0.018044 -0.085534 -0.028518 -0.081636 0.025706 0.006769 0.133133 0.043542 
-0.016394 0.003944 -0.012443 0.002900 0.022112 0.024128 0.035142 0.037513 -0.034584 0.033371 0.126585 -0.037788 -0.003257 -0.070390 -0.021084 -0.062259 0.023266 0.027308 0.161310 0.032388 
-0.009916 0.004974 -0.010875 -0.006498 0.014181 0.015095 0.009489 0.027943 -0.026784 0.025279 0.066541 -0.027091 -0.011981 -0.060079 -0.012676 -0.041691 0.019025 -0.002459 0.085417 0.032499 
0.001087 0.000953 -0.003098 -0.004878 -0.004173 -0.002236 0.007004 0.002451 -0.003089 -0.004957 -0.002993 0.000742 -0.007613 -0.002168 -0.004315 0.003687 0.005294 0.000072 0.003280 -0.009002 
