123
-0.545197 1.216859 2.106232 -0.048930 -1.324131 -0.339596 -1.164380 -0.263704 1.454228 0.529553 0.990511 -0.351047 -0.558386 0.872936 0.905743 -0.461632 -1.431694 0.625061 1.860634 -0.516271 
-0.707253 -0.248611 -0.090216 -1.260562 -0.743258 -1.211755 -0.246728 0.063291 -0.278927 -2.184010 2.427975 -0.021000 -0.647043 0.420020 0.631665 -0.679648 -1.172806 0.591883 0.055770 -0.691342 
-0.060508 -0.355551 0.407954 -0.317261 2.785197 0.296047 1.183800 -1.400422 1.375344 0.673731 -0.556787 -0.033580 0.688287 0.671196 -0.772294 -1.189170 0.114550 0.121706 0.295707 0.220273 
-0.243408 -0.699354 1.930923 -0.193686 -0.000948 0.541913 -0.940181 1.030442 1.676122 -0.764626 2.050107 -0.138803 0.846109 1.184331 0.543744 -0.006671 -1.596688 -1.717741 0.115510 -0.347260 
0.996290 0.061956 -1.179060 -0.472199 1.466249 0.739068 -0.852470 1.794900 1.275959 -1.142168 0.567075 0.685137 0.328277 -0.243776 -0.052620 0.509361 -1.483193 -1.191697 -0.098645 -0.659979 
-0.736027 -1.140291 -1.557952 -0.546781 -1.080344 -1.837487 -0.238202 0.276814 -0.762513 0.729998 -1.431730 1.092840 0.534518 1.976796 0.832862 -1.396480 2.216648 0.683972 0.765880 1.123571 
-0.365376 -0.122037 0.998471 -1.625861 0.855379 -1.905138 2.647154 -0.072269 0.681227 -0.940145 -1.869504 1.315969 -0.598219 -0.130399 1.068919 -0.758904 -0.701926 0.503158 -1.666576 -0.813271 
-0.931578 -0.671430 0.971043 -0.103155 0.197801 -0.328917 -0.612968 0.248494 -0.190526 1.289393 0.001780 -0.087377 -0.207338 0.185432 -1.996452 -0.487425 1.151838 -1.422951 -0.879016 0.993070 
-0.074160 -1.136129 -1.949006 0.604236 -1.020325 -1.033693 -0.656219 -1.632520 -0.401424 0.877494 1.461171 1.138460 0.962592 1.934756 0.189266 0.657875 1.594351 -2.090630 -0.970876 -0.780570 
-0.420030 0.053441 0.582918 0.682778 0.734054 0.958866 1.433747 -0.706187 -0.044033 -0.358184 1.632080 1.262690 -0.896628 0.686355 1.356439 -0.189903 -1.375983 0.284576 -1.261995 -0.592495 
-0.296651 -0.968348 0.214756 -1.087985 -0.517042 0.613589 -0.685895 2.300721 -0.004450 1.491726 -1.072865 0.113806 0.462791 1.273304 -0.282402 -0.419143 0.722403 -0.882651 0.629431 1.306764 
-0.121585 -0.536607 -0.608639 1.445560 0.777308 0.049765 1.491159 -2.177496 -0.411718 -0.660213 2.161362 1.696755 -0.143674 0.444516 -0.349928 1.753161 0.291846 -0.450742 -0.045737 -0.737704 
-0.505951 1.529203 -0.767040 -1.305711 -0.477357 0.511750 0.177855 -0.416872 -1.577164 -0.826401 0.154748 -0.980629 1.299187 0.358501 -0.914425 -0.194952 1.502860 1.361578 -1.245218 -1.047709 
0.337670 1.370418 0.396501 -0.738389 0.372006 2.280121 -0.791162 -0.531338 1.033075 1.637238 -0.894936 0.305879 1.538596 0.669601 -1.222387 -0.433552 0.163556 -1.095054 0.359767 -2.760602 
1.675840 0.770525 1.101070 -0.177753 1.011571 -0.393583 0.914173 0.487650 0.827443 0.025227 0.401589 -0.914953 0.173579 -1.628056 0.136271 0.015041 -0.135112 -0.251894 -1.406946 0.592686 
-0.801305 -0.575953 1.633252 -0.261103 -0.280113 -1.174895 -1.523373 -0.077844 0.690271 -0.575046 1.194719 -0.262952 -0.024017 -0.921660 -0.549983 -0.944355 -0.499291 -0.929682 0.406507 -1.285962 
-0.759327 1.347346 -0.155385 -1.305514 -1.234690 1.642911 -0.148715 -1.008423 -1.163443 -0.777149 0.356353 1.187774 1.884477 -0.453164 -0.684712 -0.050472 -2.584384 -1.232250 0.390615 2.411130 
-0.656020 0.243934 -1.200994 0.439044 2.195711 -0.538320 -1.510118 -0.080286 -0.704255 -1.355178 0.051979 0.597321 -0.354774 -0.505887 0.096161 0.977235 1.596152 -0.440506 0.537879 0.845043 
-0.813220 -0.337228 -0.263376 -1.747248 -0.612375 -0.629680 0.434496 1.017019 1.251610 -2.111070 0.082134 -0.282793 -0.154909 0.340339 2.364035 1.807393 -0.000409 1.002077 0.011077 0.380673 
-0.702311 -1.020267 0.672235 1.881001 -0.281057 -0.668865 0.889462 -1.693803 -2.020399 0.647766 -0.388059 0.163125 -0.326783 -0.176440 -1.254996 0.925201 0.751049 0.675036 -0.018673 1.178394 
-0.665388 1.723047 1.601078 -0.794397 -2.158704 -0.125910 -0.904270 -1.484034 0.617991 0.250750 1.185923 1.185405 0.549487 -1.471696 0.938424 0.279685 -0.237450 1.561019 1.462039 0.649639 
-0.560593 0.118576 2.058768 1.346965 -0.919882 -1.942760 -1.184565 0.101203 1.546096 2.071649 1.321911 -0.101306 -0.547983 0.638086 -0.270117 -0.572372 0.078024 1.247837 0.058326 0.740978 
-0.540604 0.104193 1.511939 -0.276326 0.776921 0.560461 0.026660 2.335694 -0.620740 1.343299 -0.689535 0.402917 0.882930 -0.333216 -1.400504 -0.409777 0.041972 -0.195900 -0.695023 -1.254785 
-1.141381 -0.011109 -0.930402 0.329316 0.666128 -0.257061 0.975946 -0.051812 -0.258372 0.481894 0.167629 0.729947 0.076629 0.912814 0.192222 1.163860 0.126202 -0.215562 -0.298758 -0.893747 
0.262666 1.556256 0.295982 -1.904880 1.273880 1.045577 -0.834772 -0.338678 -1.481141 0.377219 -1.659821 -0.306739 -3.537025 0.795321 1.659379 0.004193 0.055568 0.466958 0.905031 0.398830 
0.292002 -1.497689 -0.352039 0.172264 -1.008789 0.688914 0.916360 -1.178878 1.189587 -0.586422 0.973769 -0.536578 -0.145451 -0.686879 -1.392092 0.090885 -1.040679 -0.427217 0.877424 0.083291 
-1.076815 0.199887 0.864067 1.533530 -0.031536 -1.621842 -0.428778 0.099407 1.325235 -0.317317 0.221009 0.929372 -0.725985 0.965618 -0.726817 -1.047752 -0.530069 0.889211 -1.401217 -1.721841 
1.714869 -0.411304 -0.309059 -0.025366 0.224008 -0.272628 1.933493 0.384427 -0.942817 -1.305629 -0.361821 0.687288 0.695957 -0.013952 1.155828 -2.446228 1.119461 -0.506608 1.025900 -0.619355 
-0.264875 0.284589 0.648248 -0.044653 1.146950 2.111911 0.407979 -0.816884 -0.416606 0.195927 1.136069 -0.906189 1.449505 0.888053 -0.917033 0.366816 0.463342 1.078279 2.146449 0.969806 
1.421967 -1.166255 -1.046439 -1.036399 -0.193171 -0.103566 -1.213901 0.319351 0.418006 0.739323 -1.133041 0.649272 -0.152237 -1.251471 -0.702084 -1.600636 -1.573946 1.586259 0.743555 0.025624 
-0.475106 -1.721648 0.273428 0.656428 -1.079304 0.789203 -0.435637 -1.187999 -0.113259 0.139783 -0.661337 -2.390389 -0.610049 -0.156577 0.038122 -0.143528 0.195207 0.052166 -1.231385 0.663685 
0.219050 0.278343 1.401279 -0.923676 -0.640300 0.081324 1.879677 1.721718 2.141985 1.993041 -1.022119 1.988310 1.891230 -3.420483 0.015796 0.969528 3.093804 1.368477 -0.347901 0.469115 
-1.023808 1.564034 -0.239574 -0.435371 -1.186969 0.500146 0.098407 -1.427411 0.340699 0.585151 -0.290929 0.502148 -0.517971 -1.421511 1.582130 0.301466 1.587036 0.497498 -0.462531 1.690720 
1.568581 0.854492 -1.183932 1.618769 -0.680753 -0.695543 1.926087 -0.707905 0.392973 0.612327 -0.093695 -1.209903 -0.801604 1.022774 -0.276216 -0.224931 0.095847 1.084973 -0.392819 0.495337 
-1.288447 1.059005 -0.612194 0.493727 -0.677159 0.494220 -0.859386 -0.798971 1.032505 -0.694960 -0.739367 1.354127 1.643076 0.744170 -1.477307 -1.655465 -1.128277 -0.020325 1.376037 -1.019934 
0.569692 1.052070 -0.342176 1.171694 1.779766 2.138350 -1.071814 -0.281789 0.267731 -0.070459 -0.675267 -0.438213 -0.063832 -0.498398 0.736329 -0.267163 0.753212 0.124401 0.942663 0.954450 
0.242447 -1.416747 1.499727 0.085013 -1.090894 1.002657 -0.424213 0.673253 -0.820082 0.623083 0.891746 0.223957 -0.605030 0.767096 -1.077487 1.883302 0.229539 -0.819221 1.419923 -0.634430 
0.123848 -1.220704 -1.484687 -0.563084 -0.307140 2.164666 -0.946807 0.509142 1.573007 -0.202383 -0.573996 -0.873817 -0.404815 1.296860 0.118894 -0.594977 -0.169853 1.348148 -0.838598 0.899839 
-1.235026 -0.533464 -0.699495 0.123509 0.052664 -0.352833 -0.668870 -0.251882 -0.256243 1.250709 -0.962816 -1.081141 -0.174360 -0.919047 -0.289321 0.153145 -0.530858 0.290742 -2.297865 0.756636 
0.109945 -0.074036 1.428677 -0.324617 2.810455 0.619356 0.050539 -2.400427 0.978703 0.473717 0.901255 -0.997257 0.683983 1.164160 0.255667 -1.264014 -0.213188 -0.174912 -0.981380 0.482813 
-0.868587 0.928317 -1.161564 -0.545516 -0.170866 0.544699 0.219503 -0.205446 -1.302993 -1.350058 0.925025 -0.163234 2.002700 -0.387119 -2.422600 -1.613001 2.114704 0.946141 -1.781743 -1.672449 
-0.836258 -0.300779 0.836834 -0.871821 0.443806 0.342033 -0.435598 0.715731 1.274844 -0.025009 1.789874 1.896463 0.316912 -0.013467 0.730283 0.038888 -0.003696 -1.258859 -1.978382 2.102944 
-1.125426 -0.193862 -0.794712 -0.279522 -0.797303 0.249316 -0.508474 -1.194143 -0.232516 -0.702857 -1.301964 -2.522856 -0.471149 -0.629465 0.351685 0.500596 0.142510 -0.870162 -0.943973 0.502522 
-0.663220 2.130677 -0.079007 -0.155846 -1.787024 -0.447484 -0.162107 0.173886 0.231478 0.025814 -0.061065 -0.871504 0.823921 0.170804 -0.150027 0.118425 0.308638 1.244535 0.033506 -0.546356 
-0.275956 0.055469 1.826460 -0.955733 -0.262983 -0.252831 -0.069108 1.499866 -1.894492 1.036331 0.352970 0.362229 -0.654860 0.026915 -1.315501 0.209603 0.246670 -0.512070 -0.796406 -1.603736 
-0.481570 -0.278612 -0.684245 -0.572059 2.403423 -1.388713 1.588976 -1.258206 1.044467 0.532617 -1.668103 0.953541 1.305160 0.329444 0.064064 0.937268 1.393988 0.617625 2.274256 -1.273834 
-0.270699 -0.552487 0.601133 1.571895 0.386821 1.480784 2.061904 -0.209947 -1.413779 0.455254 0.912179 0.861228 -0.581255 1.848364 -0.089749 0.560097 -1.049282 1.293120 0.872646 0.218620 
-1.028576 -1.149146 -1.387294 0.282787 -1.184922 -0.504751 -1.190212 -0.447743 -0.946225 1.478686 -1.592140 -0.987341 0.082576 1.303660 0.640414 0.667716 2.599085 -0.344993 -0.652782 0.544509 
0.799559 0.105327 -2.079431 -0.281403 0.914653 0.057268 -0.552401 2.184775 0.328410 -1.983624 0.354795 0.815636 2.091768 -0.368031 0.951312 0.524842 1.143719 -0.467833 -0.247955 -0.402881 
1.893474 0.526588 1.155044 -0.074116 -0.287147 -1.348513 0.349171 -0.471375 -0.536560 0.116632 -0.224056 -0.715321 1.027110 1.454896 0.414120 -2.478846 -0.136745 -1.380821 -0.243524 -0.593003 
-0.151553 -1.670510 0.455813 0.814207 -1.393947 1.337990 1.523711 0.400877 -0.795898 -1.076007 -1.618573 0.371325 -1.000006 1.020656 0.797564 -0.525300 0.974572 1.891577 2.332836 0.485217 
-0.262105 -0.947353 -0.111466 -0.770337 0.304453 2.607988 -0.450012 1.075900 1.557798 -0.117093 -0.305458 -0.654967 -0.126049 0.596776 1.543376 0.197115 -0.070873 0.704352 1.095625 -0.001344 
-1.003382 0.393494 -0.118231 -0.630576 0.483323 0.032356 0.577258 1.157477 -0.843842 1.411638 1.721448 -0.697623 -0.068686 -2.854923 -0.730834 -0.857376 1.226889 -1.231348 2.394699 0.150192 
0.912330 2.041546 0.104165 2.017610 -0.450268 2.409856 -0.834139 -0.278570 0.479238 0.282361 -1.642679 3.555294 -0.624643 -2.010915 1.188164 -1.265616 -0.112565 -1.509705 -0.790344 -0.613188 
-0.530415 -0.718519 0.810645 0.271110 -1.154758 -0.858674 0.648884 -0.726254 -1.589412 -1.859237 2.924256 1.144638 -1.183086 0.066883 0.619417 0.038819 -0.116838 0.845769 1.461241 -1.130285 
-0.284629 -0.832108 1.583898 0.822565 0.754867 -0.063008 -0.224309 -1.278212 -1.529642 0.914782 0.138323 0.243509 -0.695945 -1.682185 -2.300917 -0.410501 1.254266 -0.437909 0.351382 0.523011 
0.301944 -1.115351 0.170624 -1.617220 -0.858850 -0.175431 0.088607 1.807458 0.603084 1.227878 -0.387357 1.251050 0.391383 1.097447 -0.858244 -0.761624 -0.947555 -0.623313 1.394803 0.836318 
-1.145838 0.233667 -1.008693 0.314149 0.731200 -0.221408 0.200824 1.024347 0.040429 0.081681 1.399526 -0.356390 -0.486159 -0.705053 -0.534535 -1.154992 0.286675 0.031993 0.528610 0.539000 
-1.036592 0.094183 0.567752 2.287611 -0.657687 -1.008777 -0.037712 -0.257401 1.825274 -0.561215 -0.590379 0.507288 -0.277167 -0.666061 -1.051430 -0.653383 -0.142209 0.971144 -0.780252 -0.267433 
-0.244938 -0.944781 1.185917 0.120519 -0.228070 -0.619699 2.524663 0.837165 -0.514494 0.071658 -1.167879 1.968179 0.666962 1.266122 -0.853364 2.079449 -1.179722 -0.573605 1.605920 -0.184179 
0.362352 0.060664 1.892050 -0.988580 -0.991774 0.164679 1.001600 2.815588 1.439936 -0.464991 0.608709 -1.041626 2.101691 -0.921671 1.461080 0.631859 0.681178 1.031423 -0.681143 0.037471 
0.809393 0.468224 -0.999068 -1.428412 -1.066579 -0.550510 1.759124 0.674235 -0.689390 -0.944636 -0.544769 0.154178 -1.313504 -0.528220 -0.660420 0.509669 0.786214 0.086346 0.498655 -1.180760 
-0.963159 -0.073037 -0.672344 0.222984 0.953490 1.331335 0.406095 1.243147 -0.486655 0.914322 2.571662 -0.727344 -0.740537 -0.961382 0.004146 -1.691632 -0.529133 0.856210 2.391940 0.911087 
-0.413760 -1.604196 0.460433 0.746852 -1.599484 0.661947 0.675174 -0.370685 -0.034178 -2.158219 0.478682 -0.650886 -0.136673 -1.174976 1.151187 -0.342191 1.296358 -0.329256 1.404697 -0.521983 
-0.853216 -0.111129 1.311586 1.396356 0.686234 -1.825098 -1.126570 0.595455 0.225170 -0.957108 -0.571995 -0.881503 0.312837 0.847580 -1.037207 -1.071811 -0.160714 -0.641699 -0.591685 0.822086 
-0.677871 1.159410 -0.284671 -1.160533 -0.029702 0.094709 0.537881 -0.679311 0.110267 0.114299 1.065716 -1.645482 -1.217318 1.315881 1.126192 -0.179072 0.418972 1.883595 0.009747 -0.914446 
-0.416715 0.959539 0.613207 -2.586128 0.308992 -1.480472 1.285666 -0.435190 0.473729 0.889063 -0.773931 -0.303208 -1.761941 -0.031820 0.674511 -0.644573 0.085701 -0.539675 -1.298115 -0.235095 
-0.129983 -1.223481 0.231885 -0.751352 0.536141 2.219587 -0.498667 -0.190262 2.231635 -1.005527 -0.877423 -1.151108 0.453250 -0.213168 1.213433 0.036940 0.901767 -1.608355 0.603584 -1.237775 
-0.570674 0.510143 2.390975 0.528324 -1.235661 -1.639848 -0.823057 -0.736257 1.085270 1.122595 1.685970 -0.299245 -0.611832 -0.045226 0.065192 -0.255847 0.744741 1.859275 0.286838 0.718162 
1.460567 -1.280590 0.918900 -0.157814 0.579164 -0.574591 -1.437302 -0.137867 -1.419196 -0.746320 -0.623537 2.118046 0.925789 0.285303 2.209745 0.279347 0.479049 0.176718 1.234232 0.238214 
-1.065989 -0.011164 -1.390553 -0.323156 1.294798 -0.431776 0.553429 0.187117 0.284890 0.824547 0.790298 -0.608680 -0.352620 -1.972722 0.205943 -0.121749 -1.521586 -0.037914 1.106934 -0.581465 
-0.775835 -0.099673 -0.388901 -1.097613 0.321320 0.382362 -0.141089 1.024892 0.684216 -0.552748 1.638783 1.876753 -0.720073 1.398125 0.613273 1.180023 -1.019693 -0.420904 -1.870510 1.141791 
1.438014 -1.219934 -1.429548 -0.634798 -0.195472 0.285016 -1.860410 -0.431190 -0.211744 0.011130 -0.488663 0.934455 -0.991844 -1.267011 -1.584254 -0.232378 -2.154442 2.320704 -0.762886 -1.226907 
-0.210297 -0.670835 -0.433988 -1.206770 -0.009152 2.054958 -0.832992 1.597645 0.891938 1.183462 -0.772185 -0.054700 -1.195809 1.512428 0.136970 1.002688 -0.947314 -0.303832 -0.285352 0.400834 
1.791396 -0.749507 0.356016 -0.112138 0.332324 -1.012331 -1.420373 0.307403 -1.660276 0.522102 0.120167 0.877968 1.934179 -1.197235 -0.435697 0.289754 -0.780788 0.748795 -0.413454 1.129085 
1.405786 1.826625 0.348039 0.818231 0.003131 0.815384 -1.324685 -0.816876 0.669049 0.675291 0.220409 -1.447445 0.572751 1.748674 0.690357 2.062424 -0.154228 0.760333 2.108896 -0.660155 
-0.257985 1.109132 0.483118 -1.472453 -0.603094 -0.251524 0.560695 -0.334473 -1.259015 0.214945 0.672269 0.225198 -1.704594 -0.812363 0.025919 1.216340 0.224343 -0.983607 -0.836297 -1.695004 
-0.939466 0.182522 -0.575617 -0.714328 0.342944 0.687669 -0.080178 0.596979 0.066201 -0.025991 1.057386 1.149351 0.040985 1.002617 -0.578365 0.740201 -0.781527 0.314004 -1.156444 0.989030 
1.799601 0.759292 -0.190004 0.889026 -0.389787 -0.291294 -0.286965 -0.161199 -1.202165 0.747433 0.279398 -0.726074 1.045865 0.529509 -0.180032 1.420468 -0.395113 -1.281898 1.119164 1.257087 
-0.300299 -0.884421 2.112472 -0.169895 -0.119477 0.816912 -0.292459 0.986205 -0.706613 0.367831 1.097981 0.437998 -0.940550 0.956486 -0.164348 -0.174665 -0.016926 -0.145602 -0.021779 -0.244681 
1.268532 1.847231 1.521365 0.220481 0.403392 0.722972 -1.509097 -0.841455 1.207988 0.637584 0.690113 -1.569782 1.864312 1.609894 0.770930 2.020084 0.564860 1.397806 0.073598 -1.323109 
1.487750 -1.473870 -0.280066 -0.160518 0.475342 -0.151799 -2.138726 -0.808087 -0.064873 0.176935 -1.141395 0.386448 -0.391330 -2.089932 -1.131349 0.791758 -1.936627 1.872112 -1.202283 0.638236 
-0.977183 0.029982 -0.548853 -0.150048 0.661089 0.987052 0.481211 1.354993 -0.618996 1.070530 1.992085 -0.340035 -0.521537 -1.892275 -0.752202 -0.790970 -0.627890 -0.333630 2.561514 0.700715 
-0.584122 -0.126058 2.063465 0.540312 -0.621213 -1.184073 -1.407728 0.350375 1.627124 0.271706 1.545960 -0.487841 -1.077410 0.005711 -0.345953 -0.716971 -0.717969 -0.283073 0.887704 -1.692924 
-1.262551 -0.247942 -1.778149 0.374360 0.329839 -0.960697 -0.466300 -0.207434 -1.776016 3.996887 -0.261784 -0.267142 2.929537 -1.178190 4.144127 0.609936 -2.767421 -0.193464 -0.185014 -1.839554 
-0.900792 -0.608992 0.747371 1.687109 0.447341 1.276681 1.431957 -0.373523 -0.671972 -0.696859 -0.248776 -0.870868 0.660902 -0.009702 1.792222 0.207625 -1.644214 0.138087 0.166399 -1.045662 
-0.914777 1.037055 -0.936006 -0.503025 -0.086597 0.532694 0.006074 -0.789151 -1.183368 -1.203728 0.304009 -0.314890 1.133203 -0.149246 -1.936498 -0.797912 1.601674 -0.050497 -0.204503 -0.340984 
-0.509513 -1.673669 -0.752551 1.408396 -2.006785 -0.308418 0.828766 -1.765221 -0.805981 0.224885 -1.314242 -0.619708 -0.626792 -1.791434 1.110975 1.025050 -1.121496 0.283282 -2.457602 -0.425622 
-0.003337 -1.479789 -1.034815 -0.093623 -1.329543 -0.386342 1.815809 -1.265460 1.715725 -1.485180 -0.001146 -0.434497 -0.417255 -1.073066 0.346119 0.191921 0.329589 -0.996007 0.059832 0.281267 
0.047009 0.636536 2.182317 0.081070 2.005308 0.672473 -1.862015 -0.944530 -1.334821 -0.822523 -0.226450 -0.714928 -0.120153 0.588983 1.634649 0.208116 -0.833960 0.574653 0.808362 1.546096 
1.646248 1.245509 1.153514 0.110704 0.387243 -0.551120 -0.458223 0.342784 1.673805 0.849441 0.473621 -1.900292 0.550539 -0.345385 0.362220 0.723017 -0.563050 0.586142 -1.169238 0.408932 
-0.637081 0.900830 -0.683727 1.189766 0.502773 -1.040241 -1.259888 2.419067 -0.269768 -1.307634 -0.572098 -0.771751 -0.722934 0.085633 -0.258312 0.115500 -0.232087 0.350320 0.317557 -0.322825 
-0.734245 1.074483 0.558872 -1.071469 -0.650357 -0.595467 -0.156159 0.958314 0.064713 0.217241 1.027245 -0.233662 -0.812140 0.578697 0.680772 0.795518 -0.182969 0.507673 -0.813207 -1.666864 
1.205100 1.590687 -0.999943 1.816601 0.514500 1.528830 -0.324846 -0.778204 0.354899 0.416183 -1.028017 0.989540 -2.264334 -0.745452 0.420614 0.399235 1.353550 0.087223 0.297739 -0.723261 
1.476265 -1.460854 0.450035 0.162512 0.431977 0.029295 -0.648027 -0.716982 -0.160440 0.305183 -0.841057 0.931449 -0.199194 0.218254 -1.517925 1.288833 -1.161969 1.110726 0.600338 0.096845 
-1.181049 0.268995 -0.979493 0.129584 0.536418 -0.070059 0.431675 0.907614 -0.049493 0.785609 1.737000 -0.189381 -0.104507 -1.802441 -0.526942 -0.580824 0.822756 0.441855 0.676515 0.325347 
-1.384664 -0.196233 -1.175505 0.123881 0.457482 -0.020511 0.101304 0.249278 -0.229683 1.025901 0.587353 -1.395260 -0.207082 -2.839005 1.174287 0.097178 -0.656718 -1.477747 -0.265618 -0.220187 
-0.690840 -1.069040 1.563294 -0.959753 -0.567707 0.185290 -1.481032 0.825603 0.208793 0.702287 -0.596371 0.045077 -1.095981 0.674643 -0.854303 0.308243 0.977522 -0.979732 -0.432663 -0.632754 
0.077472 -0.006667 -1.495926 0.315868 0.986666 -2.268881 -1.366377 -0.602340 2.979487 -2.207657 -0.266304 1.209809 -0.083298 -0.951612 -0.565047 0.855153 -0.471669 0.486247 2.023841 -0.768720 
-0.321287 -0.650367 -0.142651 0.829995 -0.243840 1.066386 1.925883 0.082292 -0.902864 -0.965533 1.825559 1.428571 -1.550105 0.899242 0.521702 -1.514725 -0.526837 1.670544 0.025555 0.661830 
0.725726 0.338343 -1.770480 -0.575868 2.349137 0.818489 -0.268310 1.141047 0.510062 -0.590632 -0.380957 0.354697 0.286570 -0.197655 -0.198802 0.073016 1.588344 1.265091 -0.784531 -0.669069 
0.105723 -1.979484 -0.110518 -0.287237 -1.924938 1.429334 -0.645139 0.579974 0.891466 -0.362765 -1.245989 -2.175608 0.987006 -1.671828 1.056122 0.026991 -0.259542 1.145803 0.407352 1.284460 
0.054931 0.241135 1.300070 0.068457 -0.359611 0.702745 1.111973 2.560954 1.067194 1.094303 0.100993 -0.107668 1.605317 -1.257577 0.295123 -1.061423 2.020177 3.769084 -0.020108 0.045911 
-0.323655 1.381852 0.329183 -2.699793 -0.283052 -0.527494 1.119642 -0.812591 0.100841 0.742921 -1.520856 -0.112526 -2.404104 0.281122 1.015655 0.080605 -0.360098 -0.607356 0.253563 -0.045054 
-0.573853 1.023963 1.773661 -0.478580 -1.941594 -0.568726 -0.768295 -1.338072 1.257264 1.079641 1.843965 1.256348 -1.279209 -2.124928 1.209610 -0.163705 1.653331 0.401813 0.894425 -0.027348 
-0.725523 -0.678236 1.464476 0.452451 0.834277 0.038435 0.308419 -0.551694 -0.169240 1.412435 0.063100 -0.054310 0.940532 0.361057 -1.161494 -1.003730 0.841144 -0.632784 -0.150187 0.582834 
-0.507066 -0.906338 -1.793272 -0.001355 -0.730954 -1.658992 -0.870288 -0.601031 -0.576264 1.541862 0.988754 1.063201 1.472859 1.989151 -0.222947 0.261489 1.085989 -0.960834 0.019563 -0.368145 
-0.655399 -0.953493 1.573220 0.704024 0.190624 1.891105 1.433527 0.948705 -0.352545 -0.718892 -1.317309 0.187706 0.758569 -0.143001 1.399768 0.790572 -0.009674 0.162021 0.060969 -0.629982 
0.148731 -2.014884 -0.671472 0.448204 -1.610078 1.339360 -0.319859 -1.807849 1.224275 -1.024654 0.249601 -1.754803 0.234033 -1.623198 1.580307 -0.637193 0.504193 0.242827 -0.964268 -0.491770 
-0.656375 -1.466718 1.606988 0.493682 -0.326784 1.088749 -0.519185 -0.287522 -0.064346 0.062113 -1.057868 -1.686308 -0.294269 0.023580 -0.426715 -1.111387 0.862499 -0.932140 -0.654314 0.463936 
1.092273 0.105185 -1.387425 0.141460 0.177135 0.401663 1.402635 -0.229422 -0.052626 0.980215 1.541659 0.040311 -0.616856 -0.618738 -1.909673 1.170316 1.862506 1.515018 0.066582 -1.637757 
-0.952765 1.224922 2.042793 0.173191 -1.311853 -0.562920 -0.803570 -1.539234 1.033168 -0.038856 0.683054 1.430381 1.666398 -0.622805 0.486512 0.296230 0.663713 2.794554 -0.016265 0.085494 
-0.111444 -1.482344 -1.382748 -0.597632 -0.585002 1.130600 -0.289986 -0.311535 1.999864 -1.565083 -0.878109 -0.886445 -0.245818 -0.657767 0.806185 -1.057247 0.116169 -0.196619 -0.014005 1.658156 
-0.749553 -0.136218 -0.143865 1.609333 0.798215 0.981954 1.441149 0.807300 -1.107440 -0.279699 -0.131987 -0.224815 -0.655099 0.354815 0.821842 -1.139271 -1.309670 1.049597 -1.508309 -0.511754 
0.943760 0.515397 -1.633752 0.997882 0.880340 0.788032 0.827426 1.118511 1.217246 -0.800803 1.361793 -0.679315 0.639972 0.722345 -0.111064 1.495429 -0.030747 -0.600498 -0.988419 -1.614232 
-0.255452 0.197792 -1.449379 -0.162387 2.577779 0.468841 -0.570027 -0.497192 0.102288 -0.025806 0.187837 -0.148970 -1.165991 0.563223 -0.541894 -0.416291 0.828777 1.916731 -0.369685 -0.534861 
-0.444689 1.612718 -0.163122 -1.485349 -1.137933 1.336921 -0.204271 0.092053 -1.398394 -0.059323 -0.021980 0.131942 1.141096 0.510025 -0.087554 0.561975 -0.333951 1.276851 -0.152730 -0.317655 
0.088606 0.086855 1.394512 -1.594639 0.421751 -1.336602 2.486627 -0.298631 0.776688 0.678279 -1.194633 -0.410814 0.979862 -1.247736 -1.585641 0.660580 -1.466897 -1.065978 0.263675 0.161275 
1.767571 -0.507412 0.832892 -0.873616 0.687999 -0.661068 -1.152081 -0.298350 -0.764730 -1.041525 0.632320 0.197850 0.188572 -2.390083 -0.345057 0.495046 -0.567633 1.398483 -0.839180 -1.147378 
-0.519002 -0.037815 -1.626407 -0.801666 2.410571 -1.114494 0.679397 -1.562154 1.020170 0.761280 -0.632857 0.801461 0.166607 0.237982 0.192209 -0.131578 1.638375 0.253571 1.389450 -0.892607 
1.453374 -1.148777 0.929085 -0.138141 0.746794 -0.671079 -1.186743 -0.005624 -1.514032 -0.612490 -0.241801 2.316241 1.191747 0.568633 2.392072 0.338350 0.466563 -0.134181 1.304349 0.408857 
1.842473 0.574345 -0.154895 1.028612 -0.508150 -0.865101 -0.555333 0.063629 -0.929001 0.113485 0.596356 -0.898294 1.019361 0.649294 -0.315324 0.899846 -0.388452 -1.311960 1.453580 0.853423 
-0.855684 -0.632685 1.595083 -1.014971 -0.073842 0.450073 -0.286620 1.414121 0.381028 -0.449159 -1.742222 0.131286 0.078215 -0.776815 1.528227 1.363945 1.168761 -1.059460 -0.780585 -1.483516 
