111
0.723133 -0.169908 1.614265 0.605188 0.061086 0.156029 0.292959 1.061239 -1.554691 -1.185361 1.185658 -0.155857 -0.653784 0.263655 0.439748 -1.176678 -1.286755 0.376473 -0.369965 -1.649643 
0.248301 1.471077 0.258629 -1.769836 1.281327 0.873293 -0.732406 -0.453405 -1.393829 0.372849 -1.534470 -0.399195 -3.268639 0.791993 1.556693 0.118322 0.192900 0.380602 0.861143 0.568301 
-0.512508 1.969300 -0.642678 -0.174575 -1.065848 0.396493 -0.487802 0.384023 -1.818360 -0.994161 -1.813831 -0.835644 -0.079319 -0.146702 0.277679 -0.928860 1.006886 -0.404624 0.088376 1.559067 
-0.217572 -0.806234 -0.460437 -1.117553 -0.118238 1.792159 -0.730784 1.535071 0.946025 1.155530 -0.722082 -0.138255 -1.142332 1.404934 0.037201 1.143651 -0.742305 -0.375699 -0.295223 0.570505 
-0.850850 -0.233908 1.259063 1.314692 0.640307 -1.739957 -0.998202 0.505887 0.288592 -0.922484 -0.538863 -0.994258 0.227829 0.836660 -1.134725 -0.986599 -0.008788 -0.707214 -0.592803 1.033983 
-0.484777 -0.405167 -0.706955 -0.524507 2.513461 -1.342704 1.475368 -1.397700 1.096418 0.523705 -1.542049 0.905594 1.129064 0.393788 -0.035565 1.076473 1.441000 0.528437 2.191242 -1.272026 
-1.254048 -0.373806 -1.784519 0.359785 0.251542 -0.953070 -0.396767 -0.318626 -1.684576 3.886733 -0.254950 -0.358199 2.604332 -0.894851 4.036680 0.740344 -2.439588 -0.267406 -0.197753 -1.894452 
1.390220 -1.312826 -1.063739 -0.958366 -0.318970 -0.172801 -1.077751 0.222347 0.478728 0.724370 -1.052347 0.590579 -0.194554 -0.957487 -0.800245 -1.529635 -1.326651 1.478863 0.704282 0.157686 
-0.448449 1.528812 -0.193616 -1.377845 -1.349542 1.138512 -0.158087 -0.011073 -1.312241 -0.050936 -0.035475 0.054978 0.980059 0.548137 -0.186892 0.691095 -0.170333 1.175270 -0.166391 -0.220003 
-1.235452 -0.122491 -0.375914 0.024112 0.793026 -0.360693 0.196008 0.290133 0.165825 -0.137954 0.332968 0.131103 0.144347 0.064041 -0.988862 0.272862 0.596449 -0.156573 -0.444921 0.185813 
0.035877 0.530617 2.116788 0.085748 2.079187 0.533647 -1.668113 -1.075575 -1.249558 -0.791832 -0.222612 -0.821800 -0.165414 0.615626 1.532011 0.327726 -0.636601 0.486273 0.767237 1.830566 
-0.276471 0.265465 0.721742 -1.777261 0.710107 0.161623 0.252942 1.328406 -0.054773 1.126857 -0.075353 -0.171729 -1.516512 1.313334 0.258970 -0.714558 -0.940253 0.739302 -0.959359 -1.499725 
-0.467950 1.524495 -0.188479 -0.979860 -1.499897 1.776516 -0.194951 -0.780504 -1.086470 -0.534154 -0.296920 0.787225 1.256135 0.051510 -0.584722 -1.030534 -1.493670 -1.255015 0.247119 0.503284 
0.014673 0.890413 0.582840 -1.978733 1.464686 0.348082 0.086228 -0.453044 -0.354138 1.391079 -0.777901 -0.083028 -2.684053 0.314470 0.463803 -0.768702 0.792117 -0.401429 -0.735344 0.353691 
1.575930 -0.699887 -0.424193 -1.484878 -0.693795 -0.769328 -0.721928 0.366837 0.166669 0.061757 -0.249016 -0.275576 -0.845627 0.368849 0.600832 -1.664880 -0.812496 1.494682 0.406568 -0.036171 
-0.271331 0.170734 0.605634 -0.031722 1.142868 1.844005 0.399607 -0.944490 -0.344199 0.196854 1.024401 -1.019816 1.260158 0.871254 -1.014782 0.490691 0.573156 0.980431 2.067087 1.196510 
-0.665839 1.641630 1.544231 -0.732250 -2.463025 -0.193142 -0.795711 -1.629610 0.675913 0.250075 1.070029 1.145646 0.442757 -1.145723 0.837120 0.401218 -0.080345 1.454097 1.402235 0.844250 
-0.508793 1.443415 -0.788513 -1.209999 -0.628968 0.387337 0.189989 -0.533704 -1.488508 -0.795597 0.126271 -1.096885 1.123639 0.418624 -1.012179 -0.086175 1.542525 1.258405 -1.227661 -1.023235 
-0.853281 -0.767224 1.538325 -0.938344 -0.188804 0.331191 -0.233098 1.346604 0.442268 -0.429379 -1.609885 0.054299 0.014745 -0.551779 1.425793 1.514617 1.230972 -1.117123 -0.776305 -1.502726 
1.239085 1.768614 1.465708 0.216007 0.331776 0.579618 -1.346643 -0.969724 1.257650 0.625604 0.616251 -1.706844 1.636888 1.488242 0.669947 2.188389 0.667823 1.293952 0.053470 -1.326240 
-0.935807 0.066366 -0.599950 -0.657437 0.265837 0.547481 -0.045051 0.507453 0.131849 -0.018578 0.952388 1.108319 -0.019068 0.969177 -0.676762 0.874110 -0.587706 0.230523 -1.141424 1.217661 
-0.251692 -1.086358 1.135271 0.122607 -0.357040 -0.642651 2.327679 0.754108 -0.440716 0.076217 -1.084231 1.956065 0.549448 1.194406 -0.951235 2.249349 -0.959031 -0.640401 1.542004 -0.073147 
-0.686897 -1.161776 -0.065958 1.275803 -0.949176 0.858301 0.776832 -1.224169 -0.181960 -0.946481 0.615473 -1.851172 -0.584720 -1.626326 0.919891 -0.152937 -0.784967 -1.455171 -1.506531 -0.031071 
1.854657 0.418190 1.104860 -0.059251 -0.421482 -1.306108 0.346039 -0.589676 -0.462473 0.119877 -0.220420 -0.822207 0.876537 1.355759 0.313820 -2.431447 0.013564 -1.432443 -0.254591 -0.522951 
-0.277067 -0.685218 0.559223 1.478707 0.313700 1.269474 1.906155 -0.321207 -1.327410 0.448603 0.819491 0.810020 -0.584190 1.692073 -0.189083 0.689166 -0.837392 1.191234 0.829684 0.370027 
-0.897713 -0.742997 0.703276 1.586359 0.379716 1.083674 1.332341 -0.489188 -0.595990 -0.669841 -0.243044 -0.983247 0.543944 0.103905 1.689281 0.327222 -1.392177 0.057913 0.143619 -1.020983 
0.888224 1.967311 0.069678 1.895164 -0.599419 2.115232 -0.731830 -0.391678 0.539103 0.280763 -1.518780 3.599232 -0.623595 -1.606617 1.086382 -1.185613 0.036112 -1.558904 -0.785785 -0.545159 
-0.702208 -1.163546 0.629263 1.767523 -0.414839 -0.687408 0.838186 -1.845029 -1.925538 0.635488 -0.370520 0.087263 -0.353078 -0.038613 -1.352097 1.064082 0.841447 0.584768 -0.036165 1.426006 
-0.083475 -1.282021 -1.952823 0.574571 -1.221252 -1.019520 -0.569763 -1.782095 -0.329229 0.858503 1.321943 1.097043 0.817941 1.765916 0.089397 0.789571 1.627842 -2.128909 -0.961158 -0.729319 
-0.330455 -0.643679 1.500160 0.551879 1.293410 1.801470 -0.032944 1.207727 -0.007481 0.131651 -0.051095 -0.717155 0.936848 0.464555 -0.046161 -0.830351 0.048942 0.878251 -0.505419 0.991478 
-0.130189 -0.668980 -0.632479 1.360666 0.739652 -0.033220 1.386268 -2.341749 -0.339379 -0.634265 1.962776 1.675055 -0.186777 0.492145 -0.448763 1.914293 0.413233 -0.519848 -0.062456 -0.682156 
-0.424160 -0.065626 0.541280 0.647957 0.692470 0.794359 1.333972 -0.830812 0.023158 -0.341063 1.478364 1.225661 -0.870614 0.698855 1.254334 -0.080990 -1.142047 0.201648 -1.243958 -0.522391 
-0.302630 -1.110457 0.178617 -1.006565 -0.672258 0.480044 -0.596795 2.257083 0.062187 1.454784 -0.997272 0.036202 0.364019 1.200544 -0.381367 -0.316390 0.814735 -0.943637 0.593419 1.567243 
-0.417984 -1.760643 0.420624 0.707825 -1.853013 0.524065 0.642993 -0.486274 0.032875 -2.088493 0.422744 -0.755496 -0.180418 -0.892104 1.049475 -0.237371 1.349958 -0.400645 1.346531 -0.444812 
-0.099827 1.471623 -0.156698 -0.711000 -0.042737 0.554659 -0.634713 0.169020 -2.166868 -1.246647 0.615078 -1.278308 0.670318 0.011099 0.191153 0.296243 0.835120 1.424202 -1.569315 0.365686 
1.421155 -1.294954 0.882275 -0.119073 0.706367 -0.689423 -1.053014 -0.111380 -1.426260 -0.587937 -0.236661 2.316419 1.026061 0.598232 2.287983 0.461460 0.576160 -0.209237 1.249051 0.579333 
-0.615084 -0.242780 0.790676 1.179517 0.770096 0.617690 2.028423 -0.175425 -1.816555 0.050807 1.182227 -0.790726 1.271332 0.386405 0.347993 0.298367 -0.060941 1.138751 1.323416 -0.098501 
-0.619836 -1.505273 1.044248 -0.435341 -0.728979 0.393645 -0.730911 0.897092 0.810030 0.675227 -1.424289 -0.840088 0.608817 0.514399 -0.738337 0.427256 1.452768 -0.677927 -0.054205 1.501192 
-0.959145 -0.194956 -0.695232 0.218346 0.931837 1.133427 0.397891 1.171025 -0.413267 0.894255 2.338293 -0.834654 -0.728851 -0.709536 -0.095368 -1.623077 -0.352344 0.762537 2.305563 1.131905 
-0.306223 -1.024637 2.047986 -0.148743 -0.238584 0.665134 -0.238417 0.907163 -0.630145 0.363734 0.989542 0.371844 -0.910504 0.929747 -0.263539 -0.065343 0.125297 -0.220443 -0.039182 -0.139714 
-0.677790 0.088571 -1.165252 0.423166 2.347895 -0.308010 -1.162738 -0.022067 -0.833031 -1.119818 0.081534 0.432291 -0.455646 0.164048 0.326524 1.523335 1.165270 -0.436883 0.870774 0.814536 
0.732771 0.156711 -2.199021 0.292563 1.143341 -0.037448 -0.243698 1.887658 1.443056 -0.745545 0.342407 -0.016022 0.994028 1.283564 -0.265911 1.267142 -0.087633 -0.782002 -0.958084 -1.057487 
-0.883124 -1.174815 0.864114 1.067254 -0.336580 0.644526 1.062847 -0.756691 -0.176436 -1.747350 -0.837184 -0.222904 -0.076415 -1.319374 0.561366 0.510989 0.980048 0.759270 -0.272454 0.064707 
-1.374330 -0.320930 -1.190877 0.125748 0.390779 -0.097194 0.120259 0.150387 -0.159893 1.002573 0.522202 -1.526159 -0.244364 -2.314420 1.072531 0.213807 -0.471319 -1.527547 -0.276053 -0.112765 
-0.120200 -1.636043 -1.395024 -0.548401 -0.746390 0.950693 -0.236164 -0.425531 2.038439 -1.512691 -0.819027 -0.999374 -0.279544 -0.450024 0.705134 -0.971643 0.249411 -0.270501 -0.031631 1.953858 
0.097149 0.152714 1.940568 1.009251 -0.852251 -1.413635 -1.273821 1.539658 -0.164260 -1.140591 0.562207 -2.121552 0.120670 -1.772843 0.216856 -0.432551 0.942436 -3.006261 -0.182971 -0.934894 
0.970925 -0.056919 -1.194379 -0.431202 1.491168 0.594271 -0.748526 1.737639 1.324669 -1.102136 0.503643 0.627710 0.241853 -0.096168 -0.152025 0.637066 -1.242022 -1.246875 -0.113852 -0.596640 
-0.750558 1.250587 -0.128487 -1.237707 -1.492933 1.403928 -0.146026 -1.190206 -0.987700 -0.906422 0.188259 1.433419 1.682512 0.145565 -0.806036 0.349567 -2.280526 -1.175271 -0.262402 3.025527 
1.678730 -0.540851 -0.337374 -0.013701 0.136099 -0.326703 1.789186 0.289176 -0.863043 -1.260819 -0.346507 0.629937 0.575782 0.100272 1.054107 -2.397952 1.184998 -0.574663 0.978558 -0.551944 
1.312239 1.826810 1.442895 0.400966 0.447069 0.316900 -1.604202 -0.847648 1.113755 0.259464 0.269561 -1.754167 1.605359 1.371328 0.718404 2.151174 0.340484 1.150321 0.238702 -0.822071 
1.222402 1.500603 -1.023309 1.558616 0.489350 1.118542 0.170811 -0.890123 0.496235 0.530640 -1.425579 1.109916 -2.324248 -0.368332 0.531303 -0.106576 1.531772 0.120143 0.634344 -0.360248 
-1.102883 1.568106 -0.291776 0.380302 -1.251400 -0.320035 -1.333903 -1.341773 0.510437 -1.701461 -1.245615 0.103179 0.727738 1.593400 -0.083628 -1.492087 -2.072087 -0.144716 2.464564 0.607222 
0.054134 0.243350 -0.505915 -0.891905 -0.744265 0.355179 0.310004 2.270127 -1.154546 0.071024 0.265861 -0.465180 -1.192604 0.734667 -0.655065 0.351647 0.485370 0.143966 -0.654938 -0.611896 
1.455016 -1.627378 -0.308814 -0.139981 0.410261 -0.216709 -1.920168 -0.935457 0.002610 0.178418 -1.059993 0.318473 -0.411699 -1.674156 -1.228687 0.927053 -1.664858 1.759342 -1.185953 0.831705 
-0.707076 -0.374489 -0.121799 -1.167813 -0.919020 -1.181615 -0.196761 -0.040609 -0.208447 -2.113531 2.206787 -0.103364 -0.643939 0.471207 0.530948 -0.583897 -0.952580 0.503178 0.036151 -0.631146 
0.097870 -0.195978 1.374405 -0.293308 2.957462 0.485294 0.074018 -2.570685 1.031575 0.466526 0.809493 -1.114100 0.564906 1.107255 0.155671 -1.183967 -0.057721 -0.249202 -0.971362 0.660702 
-0.268602 -1.088988 -0.142732 -0.709769 0.223850 2.295597 -0.381930 0.999273 1.602563 -0.107017 -0.294922 -0.759722 -0.170769 0.622287 1.440913 0.316429 0.074991 0.613534 1.046291 0.128014 
-0.068762 -0.767620 1.575352 1.417773 0.896136 -0.164659 -0.454328 -0.102880 -2.294346 -0.723287 -1.532642 0.654272 -1.407569 -1.805686 -1.773130 1.265201 0.589197 -0.151776 1.056328 0.213032 
-0.575677 0.926781 1.714235 -0.437164 -2.226195 -0.596248 -0.671852 -1.479716 1.306236 1.054743 1.672286 1.219095 -1.218076 -1.704068 1.107786 -0.054088 1.682842 0.316682 0.850841 0.099404 
-0.690909 -1.213419 1.507011 -0.886751 -0.727524 0.090152 -1.321080 0.742235 0.272444 0.688417 -0.561172 -0.034954 -1.051667 0.688844 -0.952172 0.430543 1.052638 -1.038893 -0.438324 -0.566686 
1.496209 -0.629342 1.186573 0.639952 0.564721 -0.758953 -1.034512 -0.146744 -2.828261 -0.150701 0.905615 1.636519 1.281081 1.701864 2.190843 1.299042 0.820331 -0.476431 -0.437782 -1.404443 
-0.090938 1.495392 1.264954 -0.459145 -2.387086 -0.427762 -1.238692 0.746000 -0.644686 0.241254 -0.117605 -1.335110 -0.575196 1.425746 -0.318519 0.125134 -0.744101 -0.343934 2.314068 -2.143939 
-1.109294 -0.770999 -1.662014 0.502031 -0.766517 -1.381151 -1.024241 -0.503989 -1.207705 4.221428 -0.284550 -0.009636 1.230843 -1.244458 2.544393 -0.436113 -1.228600 0.514334 -0.530042 -1.343078 
0.076850 -0.031459 1.340750 -1.479960 0.351802 -1.295266 2.293032 -0.412279 0.832388 0.665110 -1.108717 -0.506946 0.833626 -0.954296 -1.682109 0.792349 -1.226826 -1.123518 0.238115 0.306934 
-1.139085 0.118664 -1.026557 0.303526 0.689357 -0.280075 0.210911 0.946332 0.106438 0.085947 1.265524 -0.450599 -0.497824 -0.490441 -0.633017 -1.072015 0.408411 -0.046187 0.495480 0.722522 
1.623012 0.749696 -1.113680 1.394051 -0.933707 -0.400597 1.799340 -0.464296 0.403921 0.799164 -0.310856 -1.111226 -0.774649 1.150693 -0.601363 0.284168 -0.041455 0.882339 -0.237349 0.555781 
0.777143 -0.012571 -2.081300 -0.252931 0.889472 -0.026390 -0.475196 2.138015 0.390387 -1.919000 0.309360 0.762818 1.843465 -0.202374 0.849984 0.652963 1.207619 -0.536618 -0.258895 -0.313771 
-0.326897 -0.785305 -0.173451 0.785510 -0.374241 0.892237 1.782255 -0.021096 -0.823649 -0.930663 1.655440 1.397400 -1.464105 0.880818 0.421196 -1.441416 -0.350204 1.561564 0.006800 0.857664 
0.790340 0.623967 -0.754976 -0.715890 -0.602243 -0.381986 0.319486 1.064608 -0.972473 -0.385513 0.553397 -0.805601 -1.357762 0.544768 -0.947030 2.278936 -0.593574 -0.841546 -0.223082 -1.332648 
-0.720506 -0.549904 1.710929 0.251750 1.211949 0.922430 0.471156 0.515317 0.064296 0.650710 0.399591 -0.156163 0.867445 0.422090 -0.912960 -0.694142 -0.349408 -0.448255 -0.421101 1.296180 
-0.735419 -1.286277 -1.567611 -0.500888 -1.286722 -1.751235 -0.188995 0.178664 -0.685262 0.715318 -1.325715 1.049812 0.429162 1.801849 0.731760 -1.319993 2.208145 0.593537 0.725969 1.365687 
-0.928037 -0.806843 0.923606 -0.086384 0.107512 -0.377944 -0.530366 0.149582 -0.121284 1.258365 -0.013729 -0.172086 -0.244596 0.270694 -2.092132 -0.386508 1.215190 -1.473781 -0.871923 1.222106 
0.550723 0.955522 -0.369996 1.104778 1.833160 1.868073 -0.948326 -0.394983 0.330557 -0.061746 -0.633381 -0.535313 -0.114263 -0.313804 0.635412 -0.160326 0.843465 0.044484 0.897700 1.179615 
-0.542925 -0.013730 1.456423 -0.248187 0.739231 0.431680 0.052266 2.292999 -0.545475 1.310695 -0.646439 0.335524 0.745592 -0.172616 -1.497326 -0.306773 0.180221 -0.269796 -0.693187 -1.251067 
-0.514417 -1.347322 1.313781 -0.270645 -1.091234 -0.271886 -0.731933 0.088891 -0.312053 0.097192 0.504473 0.324782 -1.527836 -0.047071 -1.869064 -0.230734 1.275765 -0.932530 -0.689700 -1.507911 
-0.811454 -0.465105 -0.292373 -1.622551 -0.776249 -0.651736 0.423761 0.938807 1.300661 -2.042721 0.059813 -0.374403 -0.196980 0.403100 2.259999 1.969982 0.140700 0.905662 -0.007265 0.548324 
-0.748742 -0.259562 -0.174647 1.513688 0.762459 0.815376 1.340715 0.723438 -1.025361 -0.264871 -0.136156 -0.314378 -0.651255 0.415474 0.720761 -1.055872 -1.080209 0.952289 -1.483233 -0.433558 
-0.370324 -0.245062 0.950625 -1.509132 0.824814 -1.812819 2.439255 -0.179821 0.738264 -0.906016 -1.726377 1.280821 -0.599597 0.000740 0.967364 -0.665283 -0.513477 0.416122 -1.636978 -0.765297 
1.640286 0.667628 1.051692 -0.156085 0.995193 -0.436811 0.860696 0.395179 0.882433 0.031143 0.352186 -1.028889 0.101355 -1.279371 0.036504 0.129462 0.015087 -0.324737 -1.384767 0.781589 
0.205338 0.164347 1.347416 -0.853042 -0.806710 -0.004491 1.740166 1.662486 2.178571 1.941449 -0.950828 1.976907 1.661336 -2.811434 -0.083740 1.109600 3.026108 1.265174 -0.355985 0.645631 
1.443703 -1.614069 0.410381 0.161843 0.362957 -0.051854 -0.562301 -0.841898 -0.091619 0.302918 -0.785116 0.882721 -0.237200 0.298749 -1.614523 1.437487 -0.942475 1.012268 0.565158 0.236045 
-0.972959 -0.089615 -0.573586 -0.130199 0.612878 0.820017 0.466314 1.285884 -0.543755 1.045898 1.807849 -0.433667 -0.529954 -1.505210 -0.850266 -0.698210 -0.444437 -0.404937 2.470291 0.900446 
-0.948907 1.132272 1.979348 0.171822 -1.539258 -0.590963 -0.703984 -1.686297 1.085277 -0.031067 0.609790 1.399274 1.457142 -0.420140 0.386073 0.418208 0.760006 2.664444 -0.033826 0.223557 
-0.509890 -1.047048 -1.799416 0.008734 -0.905598 -1.588746 -0.764757 -0.722824 -0.501621 1.503455 0.889575 1.019127 1.281369 1.812409 -0.322026 0.382533 1.153785 -1.020351 0.000979 -0.275553 
1.762192 0.656142 -0.220097 0.840665 -0.533445 -0.343695 -0.233412 -0.271146 -1.118759 0.732243 0.240354 -0.833340 0.893570 0.564792 -0.279193 1.572659 -0.227368 -1.335380 1.069158 1.512587 
-1.031477 -0.023966 0.526340 2.147441 -0.825676 -0.996838 -0.006369 -0.369939 1.866293 -0.538161 -0.555689 0.443581 -0.308016 -0.457113 -1.148921 -0.556926 0.008469 0.875310 -0.775981 -0.164747 
-0.655999 -1.095266 1.516789 0.667808 0.099683 1.643000 1.333771 0.868652 -0.281035 -0.691229 -1.220994 0.112712 0.632646 -0.010032 1.297580 0.925834 0.132061 0.081397 0.041201 -0.563637 
-0.998765 0.282095 -0.149396 -0.579182 0.418966 -0.049068 0.553802 1.083048 -0.765454 1.377037 1.560156 -0.803883 -0.118672 -2.328026 -0.828939 -0.766401 1.285177 -1.285780 2.308243 0.294740 
1.065469 -0.012716 -1.399631 0.142173 0.084969 0.287122 1.305632 -0.341206 0.014686 0.958222 1.395608 -0.039888 -0.616523 -0.416664 -2.005519 1.315784 1.877901 1.408960 0.046654 -1.672427 
-0.799718 -0.709213 1.575924 -0.233963 -0.413809 -1.148059 -1.359647 -0.185546 0.747182 -0.551588 1.078079 -0.353861 -0.078104 -0.675584 -0.648435 -0.855717 -0.324516 -0.989784 0.376865 -1.285369 
0.065884 -0.127090 -1.506511 0.305132 0.968026 -2.143944 -1.216640 -0.724169 3.004347 -2.136486 -0.259087 1.170912 -0.131942 -0.701186 -0.663470 0.992152 -0.298758 0.399529 1.947983 -0.716281 
-0.637956 0.800872 -0.706445 1.121664 0.440183 -1.025481 -1.119641 2.378617 -0.199417 -1.262765 -0.538958 -0.880630 -0.712864 0.185392 -0.357323 0.232621 -0.075343 0.266157 0.290457 -0.225690 
0.346492 -0.058241 1.830856 -0.913685 -1.190108 0.071389 0.940332 2.785818 1.486351 -0.444749 0.541747 -1.160036 1.852477 -0.675594 1.358774 0.762856 0.776292 0.934456 -0.679704 0.170720 
-0.512300 -1.831682 -0.774241 1.325942 -2.297307 -0.359284 0.782899 -1.918370 -0.728122 0.224966 -1.218187 -0.723217 -0.625547 -1.419017 1.009340 1.166614 -0.904734 0.200379 -2.405400 -0.338792 
-0.834146 -0.427833 0.791402 -0.804591 0.375860 0.232839 -0.368801 0.629404 1.323570 -0.017625 1.622780 1.881816 0.231531 0.100687 0.629377 0.153950 0.137635 -1.312773 -1.939874 2.443230 
-0.562615 0.000977 1.995084 1.268544 -1.111686 -1.847068 -1.051030 -0.001676 1.591024 2.017760 1.194489 -0.186507 -0.553973 0.657597 -0.369105 -0.473738 0.213840 1.146802 0.038634 0.944744 
0.061854 -0.261799 1.344627 -0.252258 2.989576 0.559797 -0.170381 -2.441064 0.952770 0.436780 0.838038 -0.658402 0.812718 1.000809 0.438489 -1.250650 -0.293923 0.060163 -0.837160 0.462380 
1.454529 -1.747519 0.225427 -0.312934 0.294870 -0.161246 -1.592838 -0.970812 0.120211 0.563972 -0.813689 0.541923 0.246678 -1.043756 -1.613111 0.420923 -1.647669 2.012688 -0.108336 0.328440 
0.050495 -0.273810 0.376760 1.606805 0.089174 1.498799 1.734759 0.743936 -0.532761 -0.155113 1.052241 0.613228 0.121764 0.401677 0.328449 -2.138368 -0.256772 2.227327 -0.331371 -0.705895 
-0.478410 -1.880743 0.236413 0.623336 -1.285587 0.639910 -0.368837 -1.325602 -0.045099 0.142351 -0.620631 -2.556433 -0.610341 -0.021636 -0.061457 -0.033368 0.323115 -0.026394 -1.214223 0.859704 
-0.532889 -0.854994 0.765604 0.263312 -1.367895 -0.860195 0.619046 -0.851419 -1.500585 -1.798248 2.660996 1.103439 -1.130777 0.169366 0.518724 0.153878 0.032128 0.752292 1.401460 -1.114088 
-0.314945 -1.752639 -0.722370 0.478008 -2.351802 -0.572918 1.103293 -0.523272 0.074042 -1.990972 0.114453 0.181764 -0.710124 -0.290483 -0.131028 1.503773 0.693006 0.317063 1.158909 0.373907 
-0.554875 -0.445914 -1.335765 -1.002471 0.575513 -1.219093 1.825487 -0.226731 1.759533 -0.287863 -0.462272 0.611195 -0.482848 -0.558388 -0.442749 0.102825 -0.529183 0.305246 0.422354 0.473997 
-1.118979 -0.318506 -0.815772 -0.251173 -0.977973 0.148436 -0.435183 -1.331911 -0.162686 -0.675663 -1.206949 -2.693578 -0.484191 -0.425833 0.251505 0.628065 0.273975 -0.931383 -0.935023 0.682387 
-0.138461 -1.371343 0.195490 -0.692031 0.476582 1.942026 -0.426250 -0.300992 2.266966 -0.969488 -0.818399 -1.273384 0.355354 -0.070006 1.111602 0.151950 0.981995 -1.655700 0.568310 -1.232352 
-0.027381 0.015041 -1.335074 0.462464 0.050861 0.752859 -0.818785 1.918219 -1.713767 2.146027 -0.180787 -0.411033 -0.489250 1.414940 -1.105701 0.080792 1.257763 2.032741 -1.439816 0.150609 
0.136074 -2.180592 -0.694373 0.428781 -1.864569 1.140732 -0.263375 -1.962147 1.273709 -0.988056 0.213083 -1.898400 0.156259 -1.275218 1.477773 -0.540301 0.611251 0.160684 -0.954739 -0.411570 
-1.028854 -0.926293 -1.754638 0.282427 -0.540444 -1.568717 -0.784528 -0.366988 -1.917543 3.873659 0.666308 -0.660095 1.343440 -1.035337 2.118968 -0.556655 -1.311326 -0.497035 0.400969 -1.561561 
1.419833 -1.292492 -1.440997 -0.738100 -0.549353 -0.245473 -0.743159 0.034907 0.117471 0.347666 -1.023137 1.189940 -0.983337 -1.071445 -0.812605 -1.453652 -1.758794 1.544510 -0.277915 -0.232366 
-0.504117 0.917533 -0.405291 -0.947496 1.455057 -1.182688 -0.851051 -0.857839 -1.142032 -1.553711 -0.353976 -1.407928 -1.857534 -0.019514 0.547779 1.750651 0.148896 1.139332 0.561419 0.992262 
-0.999946 -0.479855 1.339502 0.646985 0.857290 0.320205 0.494417 -0.316872 0.299556 0.174893 0.502319 0.218302 1.253369 -1.083838 -0.375315 -0.571292 0.472726 0.105731 -1.250867 2.457602 
