121
-0.277620 0.251827 0.527304 -0.124233 1.129747 1.910547 0.486665 -0.950800 -0.472163 0.198234 0.928085 -0.950741 1.359087 0.934728 -1.008292 0.454919 0.379900 1.088490 1.981670 1.058598 
-0.426242 -1.674307 0.350161 0.711873 -1.608044 0.538237 0.752867 -0.477743 -0.089266 -2.177068 0.324749 -0.703951 -0.224816 -0.903396 1.249690 -0.252252 1.166485 -0.318150 1.274611 -0.528747 
0.179919 -1.592804 -1.145284 -0.170642 -0.218884 1.745917 -1.456665 -0.648431 0.580762 -0.355282 0.434734 -0.681223 1.187465 0.836052 1.514731 0.324551 0.993451 0.614434 0.157412 0.666472 
-0.964297 1.210755 1.842611 0.105887 -1.321319 -0.621032 -0.720381 -1.716632 0.979387 -0.038658 0.512317 1.307916 1.575669 -0.411421 0.524029 0.384516 0.569103 2.803676 -0.079890 0.117642 
1.471916 -1.541405 -0.348264 -0.246627 0.460252 -0.231929 -2.050574 -0.941474 -0.119998 0.179072 -1.162124 0.298793 -0.479108 -1.718606 -1.242273 0.878760 -1.886300 1.881820 -1.210437 0.705790 
-0.897631 -1.090070 0.774795 1.118230 -0.222249 0.663477 1.212079 -0.756919 -0.301809 -1.822497 -0.938694 -0.206680 -0.110465 -1.348782 0.715773 0.474635 0.791916 0.863235 -0.314049 -0.035985 
-1.395434 -0.238503 -1.192824 0.053797 0.442448 -0.107672 0.181130 0.179538 -0.285011 1.035667 0.424485 -1.423504 -0.295124 -2.386017 1.274909 0.185980 -0.677730 -1.465912 -0.317580 -0.207620 
-1.157029 0.199898 -1.035490 0.254787 0.715305 -0.297810 0.280279 1.001261 -0.014568 0.082961 1.169880 -0.419275 -0.573801 -0.484702 -0.590700 -1.062948 0.213080 0.042869 0.439500 0.600197 
-0.087241 -1.196984 -1.922373 0.561220 -1.030708 -1.066593 -0.573577 -1.815533 -0.456962 0.885927 1.226457 1.025729 0.872872 1.867323 0.199511 0.745224 1.447868 -2.078406 -0.989853 -0.803898 
0.060041 -0.179532 1.234877 -0.373563 2.817364 0.575386 -0.136756 -2.495844 0.844834 0.447604 0.741202 -0.613296 0.867129 1.069776 0.581364 -1.236456 -0.498100 0.151187 -0.868177 0.348611 
-0.586053 1.005822 1.588771 -0.582611 -1.949078 -0.626527 -0.685237 -1.503361 1.203758 1.089891 1.577777 1.139686 -1.365713 -1.749787 1.313473 -0.074228 1.503561 0.412454 0.788205 -0.002428 
-0.457116 1.606219 -0.237964 -1.646111 -1.147946 1.177062 -0.123310 0.012848 -1.455153 -0.059310 -0.134748 0.052773 1.051120 0.597911 -0.102708 0.649573 -0.372953 1.286936 -0.209973 -0.311331 
0.834934 -1.356835 0.361495 -0.252505 0.188671 0.321835 -0.370176 -1.281169 0.490458 2.949666 0.794780 -0.400088 1.423053 1.710946 -1.094941 0.475808 -0.517454 -0.222785 -0.480385 -0.349776 
-0.978090 1.288272 -0.970444 -0.911468 -0.760693 0.761386 0.419403 -1.202496 -0.849759 -0.896185 -0.497600 0.378929 2.588722 -0.150354 -1.931694 -0.846152 0.793232 -1.180574 -1.152786 -0.306655 
-0.274854 -1.004475 -0.189243 -0.890809 0.289900 2.380057 -0.368137 1.055917 1.504660 -0.117598 -0.394918 -0.707896 -0.214207 0.675205 1.677862 0.285657 -0.124539 0.714801 0.979994 0.025241 
0.075238 0.050183 1.231165 -1.761559 0.406829 -1.353279 2.557586 -0.401352 0.722593 0.684922 -1.210984 -0.471885 0.890118 -0.968224 -1.738246 0.747922 -1.442752 -1.054405 0.186956 0.198277 
-1.039974 -1.210260 -1.392579 0.221658 -1.194788 -0.565978 -1.105586 -0.559440 -1.002430 1.492521 -1.575808 -1.029187 -0.005881 1.305027 0.692052 0.755039 2.396601 -0.333878 -0.686636 0.606059 
-0.073612 -0.400971 0.300663 -0.412202 2.762838 0.191933 1.259602 -1.569464 1.321982 0.680332 -0.625583 -0.107229 0.598961 0.741512 -0.850273 -1.097036 0.050548 0.132525 0.217491 0.261054 
-0.737456 -0.730037 1.297154 0.400882 0.818058 -0.051883 0.387475 -0.669648 -0.224494 1.425675 -0.056664 -0.127268 0.850844 0.465183 -1.275183 -0.912077 0.736644 -0.621486 -0.207549 0.646838 
1.826014 0.547313 -0.230204 1.009509 -0.520145 -0.907030 -0.473066 -0.017286 -0.985185 0.115051 0.432748 -0.943110 0.929560 0.721998 -0.351376 0.986568 -0.424417 -1.300231 1.321208 0.934760 
-0.094804 1.572889 1.158591 -0.607462 -2.096108 -0.451356 -1.305214 0.794441 -0.777290 0.244382 -0.217107 -1.245126 -0.658872 1.512730 -0.246688 0.099852 -0.953947 -0.260389 2.224025 -2.171998 
0.012226 0.969553 0.505480 -2.325455 1.423840 0.355271 0.143908 -0.443437 -0.482255 1.439465 -0.879245 -0.076081 -2.977544 0.354336 0.609053 -0.768337 0.601618 -0.318949 -0.768268 0.243496 
0.784938 0.069020 -2.045388 -0.374323 0.898180 -0.034059 -0.470145 2.231540 0.273767 -2.000904 0.211048 0.713670 2.000428 -0.184421 1.031476 0.612535 1.022354 -0.456640 -0.300744 -0.402016 
-0.951021 0.147742 -0.627021 -0.831644 0.328271 0.562581 0.000323 0.548168 0.011236 -0.025678 0.855871 1.036257 -0.047414 1.036802 -0.638551 0.827337 -0.795582 0.324701 -1.166742 1.079054 
0.187971 -2.225692 -0.930573 0.238211 -2.089482 -0.140115 0.540981 -1.904062 1.207351 -0.499594 -0.551886 -1.557634 0.520330 -0.907238 0.617373 0.846022 -0.207941 -0.064887 -0.378278 0.429085 
0.041623 0.207514 1.142090 -0.004749 -0.372073 0.576850 1.188042 2.630362 1.013455 1.104683 -0.021886 -0.178847 1.514675 -0.976991 0.315081 -0.969620 1.849960 3.777587 -0.083553 0.075523 
0.095810 0.233856 1.805480 1.052655 -0.693496 -1.476345 -1.343636 1.613804 -0.289445 -1.191855 0.464601 -1.979411 0.106228 -1.821477 0.338932 -0.441832 0.753831 -2.971998 -0.226242 -1.002713 
1.552604 0.833000 -1.200772 1.632921 -0.692205 -0.746553 1.999130 -0.835262 0.338409 0.618376 -0.200566 -1.244328 -0.888794 1.054762 -0.308680 -0.135295 0.032888 1.095181 -0.438832 0.553738 
-0.312981 -0.940299 1.908331 -0.256532 -0.132696 0.684902 -0.211170 0.960823 -0.762524 0.371683 0.893128 0.348624 -1.027540 0.995701 -0.186547 -0.085160 -0.073599 -0.134613 -0.085147 -0.233683 
-0.847995 -0.345116 0.705174 -0.998011 0.428815 0.235456 -0.353776 0.674068 1.221359 -0.024687 1.528133 1.758456 0.228119 0.131489 0.790167 0.127841 -0.061106 -1.247163 -1.950236 2.264319 
-0.377943 -0.162840 0.857628 -1.794540 0.839093 -1.891368 2.717517 -0.161365 0.627015 -0.948047 -1.830367 1.197319 -0.685701 0.027304 1.159873 -0.667886 -0.720418 0.513735 -1.653013 -0.838693 
0.033715 0.610734 1.974207 0.008574 1.985404 0.548199 -1.774891 -1.086130 -1.391502 -0.829369 -0.322407 -0.765858 -0.208320 0.668261 1.777510 0.296630 -0.845093 0.585185 0.706167 1.671803 
-0.134582 -0.585607 -0.658167 1.449952 0.761267 -0.041159 1.565819 -2.393313 -0.467268 -0.665600 1.869077 1.565408 -0.231807 0.539544 -0.389155 1.837673 0.217963 -0.439560 -0.107984 -0.758286 
-0.869378 -0.963869 1.452808 0.631089 0.501807 1.345182 0.463303 0.576523 -0.412242 0.631123 -2.361839 -1.652367 0.579902 -0.815162 0.645556 0.493005 -0.057784 -0.562571 -1.255019 -1.404529 
0.064124 -0.045188 -1.495038 0.256602 0.969967 -2.235630 -1.281095 -0.723343 2.928091 -2.226950 -0.358983 1.094699 -0.171517 -0.704382 -0.624011 0.941991 -0.502995 0.496835 1.864796 -0.791289 
0.205452 0.245458 1.237548 -1.052788 -0.651879 -0.011291 1.952892 1.740610 2.089563 2.011499 -1.052655 1.847241 1.800178 -2.904104 0.010125 1.056070 2.863745 1.378504 -0.396016 0.525836 
-0.282828 0.346301 0.638476 -2.097677 0.734267 0.161414 0.326251 1.395709 -0.178268 1.164843 -0.174738 -0.158899 -1.693841 1.395551 0.384998 -0.715747 -1.152569 0.842898 -0.988088 -1.548969 
-0.476880 1.601913 -0.233045 -1.196164 -1.285349 1.840380 -0.163629 -0.781502 -1.225895 -0.561548 -0.396922 0.736458 1.354663 0.080227 -0.537873 -1.022656 -1.712956 -1.188335 0.195792 0.388170 
0.897511 2.043528 0.014136 2.054236 -0.462446 2.192536 -0.750837 -0.380084 0.424779 0.285446 -1.622191 3.361974 -0.712086 -1.648203 1.290060 -1.173285 -0.163908 -1.497850 -0.817764 -0.625795 
-0.432501 0.016109 0.465686 0.644188 0.718150 0.819254 1.508620 -0.833440 -0.099133 -0.360856 1.383314 1.145817 -0.983681 0.755019 1.473774 -0.100358 -1.356904 0.295292 -1.267355 -0.603775 
-1.016021 -0.396996 1.229970 0.643089 0.868771 0.326288 0.590363 -0.302855 0.181533 0.175408 0.404546 0.205265 1.351621 -1.103259 -0.308813 -0.576592 0.278205 0.197599 -1.274135 2.278219 
-0.522036 2.045511 -0.667932 -0.285737 -0.888692 0.405602 -0.483934 0.420740 -1.969088 -1.039662 -1.918065 -0.778784 -0.113659 -0.126389 0.405462 -0.923900 0.819092 -0.322203 0.040023 1.409233 
1.630135 1.231749 1.003861 0.039878 0.372430 -0.609864 -0.376317 0.278672 1.620809 0.857621 0.320104 -1.911695 0.461410 -0.164244 0.388334 0.810197 -0.589283 0.596666 -1.178937 0.461797 
-0.956299 1.079339 -0.195036 0.386355 -0.966282 -0.201416 -0.354113 1.329617 1.885604 0.760567 0.080696 2.159561 -0.753274 -0.713702 -0.517581 0.903090 0.212755 0.219518 -1.406204 1.418928 
-0.072330 -0.683980 1.455792 1.514515 0.904270 -0.177814 -0.447321 -0.081932 -2.452424 -0.758125 -1.636091 0.612322 -1.574060 -1.855713 -1.837809 1.207206 0.396143 -0.064675 0.989844 0.107463 
0.092325 -2.057016 -0.188349 -0.380487 -1.932474 1.264526 -0.562539 0.530140 0.837512 -0.365478 -1.258118 -2.177831 0.897251 -1.346082 1.145903 0.115974 -0.302692 1.155972 0.323913 1.393407 
-0.519383 -0.962650 -1.775489 -0.078495 -0.742248 -1.658404 -0.786851 -0.721955 -0.632016 1.556265 0.792882 0.952980 1.382407 1.915787 -0.250523 0.349865 0.967841 -0.949327 -0.045738 -0.365055 
-0.333932 -0.701617 -0.218656 0.799700 -0.256667 0.921016 1.998927 0.002500 -0.959017 -0.973664 1.560884 1.306166 -1.636220 0.944697 0.562448 -1.421749 -0.555089 1.680380 -0.040026 0.730895 
-0.630806 -1.419631 0.947269 -0.580550 -0.580844 0.402642 -0.749832 0.950427 0.699889 0.695436 -1.527437 -0.782932 0.642942 0.562742 -0.705904 0.393305 1.270590 -0.600566 -0.099888 1.353260 
-0.257717 -1.001853 1.034422 0.050246 -0.240947 -0.674771 2.595481 0.802812 -0.570171 0.072849 -1.186430 1.827781 0.577666 1.271581 -0.938782 2.163115 -1.171583 -0.562344 1.466422 -0.169305 
-0.813104 -0.625732 1.456340 -0.352880 -0.292826 -1.200232 -1.437508 -0.167275 0.636071 -0.579668 0.981913 -0.328952 -0.112322 -0.677696 -0.607565 -0.852856 -0.529078 -0.918195 0.323107 -1.341663 
-0.675262 2.134420 -0.158628 -0.241692 -1.794995 -0.511779 -0.081302 0.099608 0.176715 0.026593 -0.170620 -0.917213 0.734400 0.295671 -0.170913 0.207171 0.233819 1.254641 -0.032447 -0.554681 
-0.943147 -0.723097 0.831757 -0.186031 0.183585 -0.399561 -0.530487 0.178706 -0.245806 1.301528 -0.112941 -0.159232 -0.295380 0.308705 -2.186749 -0.397110 1.030020 -1.411151 -0.902289 1.083352 
-0.698768 -1.077066 -0.115733 1.354008 -0.782071 0.885733 0.899252 -1.239537 -0.307419 -0.990104 0.518016 -1.726963 -0.669343 -1.668748 1.107944 -0.170241 -0.995327 -1.392196 -1.525010 -0.128613 
-0.787678 -0.140033 -0.450914 -1.236526 0.306715 0.273625 -0.060362 1.001839 0.630008 -0.557169 1.389465 1.739404 -0.807379 1.389194 0.662421 1.266019 -1.020473 -0.409741 -1.847409 1.241599 
-0.337537 -0.560375 1.383797 0.535566 1.267319 1.866325 0.013565 1.271122 -0.130245 0.130465 -0.150411 -0.668153 1.003609 0.510784 0.051231 -0.828217 -0.150916 0.984419 -0.542650 0.860309 
-0.596303 -0.166940 1.862108 0.493693 -0.632852 -1.208919 -1.322293 0.286720 1.574071 0.274694 1.304274 -0.546343 -1.164204 0.148577 -0.384815 -0.626061 -0.735567 -0.271997 0.781798 -1.774692 
-0.531299 -0.076952 -1.618105 -0.923903 2.389391 -1.143067 0.757074 -1.740931 0.966374 0.768669 -0.695398 0.699968 0.078029 0.355526 0.202724 -0.042184 1.489438 0.264306 1.260077 -0.923111 
-0.580001 1.288580 -0.068274 0.984045 0.676201 -1.464294 -1.351415 1.106426 -0.276172 -1.531561 -0.884691 -1.212458 -0.297003 -0.229801 -0.592283 0.816335 1.052216 -0.595877 -0.413010 -0.044805 
-0.668075 0.210368 -1.216864 0.386719 2.175207 -0.597750 -1.424303 -0.169864 -0.760164 -1.366810 -0.066871 0.502634 -0.442605 -0.307249 0.097864 1.063757 1.449569 -0.429330 0.448336 0.925844 
0.555476 1.034485 -0.406844 1.160654 1.760572 1.935570 -0.987628 -0.383496 0.213013 -0.070545 -0.734322 -0.498370 -0.152080 -0.300576 0.796768 -0.177418 0.653613 0.135218 0.834187 1.042259 
0.323863 1.359128 0.289862 -0.857060 0.357241 2.069749 -0.708019 -0.648066 0.979295 1.652498 -0.935928 0.220910 1.448050 0.740091 -1.341663 -0.343377 0.096823 -1.083462 0.278554 -2.910760 
-0.104721 -1.910583 0.606388 1.187928 -1.043489 0.874449 0.725296 -2.083913 -0.280116 0.519162 -1.119059 -1.044937 -1.082275 1.131255 0.528825 0.045460 -0.334874 -1.074644 -1.296922 -0.459289 
0.794755 0.439093 -1.026411 -1.585965 -1.076817 -0.609287 1.832787 0.630075 -0.745280 -0.952579 -0.614553 0.074268 -1.399959 -0.327147 -0.728135 0.597402 0.684775 0.097187 0.410946 -1.229722 
-0.572816 0.082531 1.857678 1.345801 -0.930581 -1.926975 -1.099960 0.022550 1.492944 2.090814 1.098647 -0.172697 -0.635537 0.712012 -0.302021 -0.481836 0.016059 1.257941 -0.008788 0.815112 
-1.014824 0.362886 -0.195624 -0.743172 0.468208 -0.057637 0.655315 1.142405 -0.899922 1.424870 1.465334 -0.749129 -0.156926 -2.400200 -0.805009 -0.766103 1.100888 -1.219669 2.218308 0.186484 
-1.136653 -0.236085 -0.833667 -0.372336 -0.808388 0.147704 -0.426381 -1.350769 -0.287847 -0.708627 -1.309490 -2.513501 -0.558812 -0.417355 0.376832 0.588352 0.076951 -0.858713 -0.964207 0.561382 
-0.746162 1.057342 0.443006 -1.208909 -0.661904 -0.651836 -0.075376 0.931253 0.009746 0.219740 0.828208 -0.300640 -0.899314 0.659097 0.736113 0.882510 -0.230387 0.518247 -0.839558 -1.746964 
-0.847995 -0.345116 0.705174 -0.998011 0.428815 0.235456 -0.353776 0.674068 1.221359 -0.024687 1.528133 1.758456 0.228119 0.131489 0.790167 0.127841 -0.061106 -1.247163 -1.950236 2.264319 
-0.164497 -1.741933 0.345803 0.783023 -1.403155 1.178074 1.598250 0.340262 -0.851919 -1.085130 -1.600067 0.284174 -1.086911 1.052875 0.863621 -0.434886 0.862635 1.901272 2.159339 0.542969 
-0.824998 -0.382286 -0.332522 -1.922767 -0.624042 -0.684216 0.513083 0.993492 1.198097 -2.129495 -0.039195 -0.348132 -0.243026 0.446724 2.573818 1.891764 -0.058002 1.012337 -0.053827 0.431728 
-0.880267 0.908285 -1.179674 -0.653319 -0.183922 0.427268 0.298890 -0.302558 -1.359636 -1.361644 0.734393 -0.232560 1.911488 -0.201429 -2.651997 -1.519770 1.939218 0.956436 -1.762794 -1.752906 
0.730202 -0.087891 1.493051 0.595835 0.141158 0.155597 0.370019 1.119890 -1.701347 -1.238388 1.089791 -0.144079 -0.745279 0.301367 0.582741 -1.164607 -1.503435 0.473352 -0.409733 -1.693957 
1.513662 -0.546078 1.083543 0.635138 0.601406 -0.795687 -1.081893 -0.127216 -2.994583 -0.163002 0.808967 1.529427 1.382091 1.800555 2.498172 1.240076 0.630187 -0.395339 -0.476280 -1.456821 
-0.523970 -1.262108 1.205343 -0.394350 -0.911891 -0.289295 -0.750950 0.116050 -0.439520 0.094649 0.406706 0.304684 -1.706292 -0.022534 -1.942747 -0.245806 1.091358 -0.859881 -0.723480 -1.556886 
-0.253514 0.878482 1.228378 -2.412690 1.543925 -1.167112 0.017675 -2.054672 -0.040178 0.940125 -1.118153 -0.586119 -1.359326 0.378468 0.007929 0.208538 0.714910 -0.448658 0.554267 -0.904104 
-1.047976 0.057656 0.451381 2.339452 -0.669211 -1.043011 0.042631 -0.357640 1.772463 -0.565712 -0.656413 0.415604 -0.365109 -0.449961 -1.155021 -0.562638 -0.191899 0.981424 -0.808144 -0.257892 
-0.719217 -0.291916 -0.169200 -1.408657 -0.754513 -1.235119 -0.165609 -0.017645 -0.334315 -2.203091 2.113769 -0.095068 -0.734454 0.517719 0.682500 -0.588835 -1.165052 0.602403 -0.011224 -0.708954 
-0.761443 -0.177301 -0.219801 1.622953 0.782109 0.841106 1.515995 0.771149 -1.163843 -0.281666 -0.235710 -0.292088 -0.742498 0.459622 0.890126 -1.047267 -1.294288 1.059827 -1.502149 -0.517863 
1.876924 0.498612 1.005304 -0.155356 -0.299838 -1.364552 0.428075 -0.584495 -0.592263 0.118227 -0.320209 -0.766238 0.937298 1.439775 0.444995 -2.383373 -0.186740 -1.369048 -0.296520 -0.604317 
0.495503 0.693956 0.471755 -1.265395 -0.017511 1.346394 1.565384 -0.024393 -0.529659 -0.594854 1.691716 -1.033491 1.964152 0.054544 -0.429329 0.227465 -1.023287 -0.053417 0.627274 -0.343474 
1.951085 0.094749 0.417615 -0.999917 0.185198 -1.315221 -0.044648 0.224983 -0.686534 -1.442512 0.510780 -0.119928 -0.183691 0.080683 2.221115 -1.040663 1.473529 -0.042167 0.908984 0.158315 
0.110418 -1.283232 -1.484438 -0.671877 -0.319768 1.960477 -0.863085 0.455043 1.519888 -0.203655 -0.641377 -0.919448 -0.492574 1.298968 0.122682 -0.504383 -0.218002 1.358189 -0.863762 0.984149 
-0.475523 -1.629719 0.048302 -1.144271 -0.822419 0.766643 -0.651777 1.186010 1.400837 -0.115569 -2.424777 -0.914244 0.810658 -0.662014 -0.019569 1.016912 0.131507 0.809522 0.236848 0.249778 
-0.557447 1.202533 1.902445 -0.128751 -1.333559 -0.409669 -1.079849 -0.364323 1.400963 0.534859 0.794495 -0.414111 -0.645924 0.921259 0.981725 -0.371383 -1.409510 0.635560 1.709223 -0.522670 
-0.747941 -1.201229 -1.553539 -0.654655 -1.090538 -1.827340 -0.157114 0.208731 -0.818493 0.737105 -1.428587 0.981631 0.445413 1.904779 0.902157 -1.303810 2.035480 0.694434 0.665672 1.222212 
-0.667455 -1.010737 1.399719 0.666631 0.176430 1.701567 1.508401 0.921065 -0.408023 -0.724806 -1.323574 0.106678 0.669142 0.016076 1.521078 0.877577 -0.066751 0.172815 -0.006269 -0.643664 
1.421696 -1.281008 -1.440153 -0.752754 -0.218414 0.188447 -1.787454 -0.541533 -0.263156 0.010591 -0.577283 0.871386 -1.075939 -1.008712 -1.805696 -0.138096 -2.126537 2.349682 -0.827531 -1.269007 
1.658447 -1.176983 -0.002308 -0.779550 0.295379 -0.656930 -2.041084 -0.823603 -0.816756 -0.043636 -0.193675 -0.086821 -0.553729 -1.517959 -0.322490 0.293531 -2.138367 2.262096 -1.333469 0.540614 
0.739969 0.237842 -2.158103 0.242392 1.130179 -0.045555 -0.216946 1.973074 1.342691 -0.781259 0.244188 -0.013519 1.066478 1.364520 -0.189142 1.209091 -0.289211 -0.706567 -0.986837 -1.121274 
-1.047976 0.057656 0.451381 2.339452 -0.669211 -1.043011 0.042631 -0.357640 1.772463 -0.565712 -0.656413 0.415604 -0.365109 -0.449961 -1.155021 -0.562638 -0.191899 0.981424 -0.808144 -0.257892 
1.253085 1.845370 1.350810 0.155841 0.388528 0.595994 -1.423285 -0.976851 1.154421 0.643861 0.518796 -1.592207 1.773298 1.577876 0.834543 2.103904 0.475759 1.407814 0.005770 -1.381189 
-0.493932 -0.322511 -0.729476 -0.681358 2.382265 -1.402600 1.663272 -1.418688 0.990700 0.537950 -1.645525 0.846977 1.214949 0.437017 0.062821 1.023893 1.258674 0.628129 2.103499 -1.328758 
-0.513532 0.996599 -0.440639 -1.159574 1.415041 -1.236235 -0.881235 -0.861343 -1.282316 -1.621237 -0.454137 -1.313114 -2.068792 0.006192 0.700910 1.678727 -0.049704 1.250332 0.504205 0.861067 
-1.044387 0.485650 -0.849438 1.524414 -0.177398 -1.083658 -0.657859 1.431785 1.280305 0.681786 0.046835 0.172683 0.624809 1.213047 0.741730 -0.708062 -0.562809 1.349645 0.640432 -1.180425 
-1.035214 1.556572 -0.310072 -0.536968 -1.196828 0.385101 0.178244 -1.598078 0.286071 0.590956 -0.381584 0.410635 -0.605567 -1.123054 1.720172 0.389738 1.440961 0.508079 -0.505283 1.825691 
0.622906 -0.536398 -0.274747 -0.569210 1.482720 1.261585 0.622786 -0.492048 1.339894 0.456505 1.342006 0.000808 0.700185 -0.516496 -1.243888 1.053317 -0.954211 -0.042048 1.532527 0.036736 
-1.088128 0.165451 0.730860 1.542878 -0.045031 -1.623244 -0.346982 0.020646 1.271812 -0.319622 0.088262 0.823613 -0.813283 1.003837 -0.800623 -0.955986 -0.558140 0.899543 -1.400066 -1.805462 
-0.988672 -0.007815 -0.601778 -0.235567 0.645414 0.845931 0.559625 1.351810 -0.674801 1.080697 1.713718 -0.403466 -0.609129 -1.542497 -0.828338 -0.699868 -0.650509 -0.322522 2.377321 0.772271 
1.698634 -0.457826 -0.375609 -0.103859 0.209709 -0.346287 2.006508 0.322822 -0.999019 -1.316815 -0.446647 0.589601 0.606620 0.131057 1.254756 -2.350839 0.999447 -0.495390 0.913530 -0.632357 
-0.223138 -0.722489 -0.493440 -1.351835 -0.022717 1.856644 -0.749693 1.609068 0.837985 1.194644 -0.823270 -0.127645 -1.282433 1.491035 0.142416 1.089144 -0.952129 -0.292742 -0.336392 0.453180 
-0.797087 0.545780 -0.919537 1.379156 0.920170 -0.821556 -1.188427 1.847525 0.093122 -1.441292 -0.443014 -0.449869 -0.812463 0.350529 -0.397939 0.025141 -0.502807 0.153207 0.195021 0.477233 
1.857430 -0.224996 0.939266 0.047610 0.236181 -1.344991 1.243535 0.816404 -0.163636 -1.223827 -0.428371 0.538745 0.553899 0.738480 1.388448 -2.400060 0.505917 -1.134875 -0.390625 -1.411072 
-0.283433 -0.601801 0.482866 1.583405 0.372010 1.313221 2.134442 -0.307330 -1.470557 0.459892 0.722603 0.757741 -0.668761 1.790348 -0.105104 0.647700 -1.048413 1.303195 0.767445 0.259295 
-0.542691 -0.771117 0.680473 0.209323 -1.164718 -0.900947 0.726674 -0.854715 -1.646405 -1.875399 2.569245 1.031701 -1.269729 0.203080 0.669129 0.127771 -0.167942 0.856128 1.328510 -1.176014 
0.348502 0.023474 1.700433 -1.121349 -1.002247 0.067600 1.078079 2.900324 1.386654 -0.468624 0.444085 -1.081662 2.010337 -0.677706 1.588016 0.719275 0.585594 1.041664 -0.713671 0.066542 
-0.677427 1.718730 1.425994 -0.916224 -2.165505 -0.207427 -0.820706 -1.658109 0.563701 0.253550 0.973840 1.071109 0.460360 -1.167768 1.017405 0.368014 -0.281831 1.570924 1.329271 0.717923 
-1.045318 -0.842222 -1.732615 0.230933 -0.408551 -1.637580 -0.808476 -0.354594 -2.069802 4.019763 0.568993 -0.614877 1.450654 -1.052702 2.419552 -0.562375 -1.528316 -0.416325 0.346760 -1.608772 
0.137372 -1.545883 -1.552174 -0.337105 -0.957226 -0.256098 0.211788 -2.031385 1.558261 -1.845837 0.526188 -0.091785 -1.279301 -0.936292 -1.090154 0.464590 0.158563 -1.469184 -0.023642 -1.134278 
-1.077321 -0.049774 -1.395652 -0.418429 1.277129 -0.496912 0.631574 0.113635 0.230192 0.832504 0.610744 -0.663153 -0.440454 -1.614174 0.217718 -0.032381 -1.494391 -0.026994 0.990775 -0.592039 
-0.288681 0.018176 1.638570 -1.086651 -0.275750 -0.327551 0.011351 1.505403 -1.951858 1.046191 0.209373 0.275381 -0.742260 0.167469 -1.443321 0.298113 0.175305 -0.500848 -0.823543 -1.679792 
1.602520 -0.730553 -0.902634 -1.364786 -0.480026 -0.454995 -0.394382 0.592521 0.055856 0.386746 -0.916508 -0.117400 -0.246178 -0.174139 -0.396646 -1.850181 -0.962301 1.033041 0.566556 0.558879 
-0.268213 0.163314 -1.451136 -0.248602 2.556073 0.355472 -0.487706 -0.611865 0.047367 -0.025491 0.057817 -0.218771 -1.252658 0.645310 -0.598734 -0.326160 0.724966 1.926410 -0.416780 -0.542450 
0.135257 -2.093117 -0.717430 0.396396 -1.618605 1.179371 -0.238468 -2.001416 1.170729 -1.033316 0.114503 -1.771058 0.145358 -1.302754 1.718182 -0.546490 0.418474 0.253569 -0.983554 -0.496599 
1.533271 -1.018266 -0.678689 0.331605 -0.009543 -0.304584 -1.668832 0.668706 -1.404276 0.258705 0.563144 1.430375 1.246836 -0.893073 -0.234726 0.353763 -0.887674 0.576639 0.512117 0.860993 
1.236177 1.578086 -1.032380 1.673747 0.532528 1.156301 0.236420 -0.894672 0.381249 0.545158 -1.528730 1.037748 -2.581941 -0.357416 0.682888 -0.125210 1.350588 0.212278 0.575763 -0.446964 
1.437600 -1.209883 0.792184 -0.222989 0.730850 -0.723399 -1.102130 -0.090708 -1.570933 -0.617447 -0.336496 2.164237 1.101698 0.650130 2.604428 0.426527 0.382942 -0.123200 1.178956 0.461717 
-0.447009 -0.652607 0.015114 -0.560697 0.204959 1.881172 -0.902784 1.252611 -0.169529 1.192237 -0.479703 -0.613763 -1.052437 0.985398 -1.028039 0.131732 0.135901 -1.027998 0.972451 0.150382 
-0.912415 -0.659423 0.620795 1.705112 0.432339 1.120049 1.506837 -0.480752 -0.727841 -0.702575 -0.342897 -0.916598 0.571615 0.134844 1.949540 0.296141 -1.610185 0.148895 0.094230 -1.085970 
-0.867387 -0.683585 1.420340 -1.149227 -0.087204 0.337710 -0.205352 1.414497 0.326448 -0.452649 -1.713550 0.052139 -0.010236 -0.548641 1.661324 1.449465 1.046000 -1.047891 -0.808462 -1.551871 
-1.246060 -0.582402 -0.743861 0.053405 0.038904 -0.422196 -0.586181 -0.351789 -0.311603 1.262495 -0.998227 -1.119860 -0.262449 -0.675367 -0.322987 0.241801 -0.558886 0.301454 -2.254776 0.831774 
