121
1.440376 -1.646009 -0.721469 -0.686905 -0.736096 0.533643 -0.705470 -0.204368 0.193338 0.489801 -1.110186 0.068117 0.772030 -0.480300 0.537483 -1.170599 0.613494 2.427356 0.638983 -0.412184 
-0.946200 -0.619596 0.733974 1.742630 0.363777 1.245082 1.464339 -0.480116 -0.659933 -0.667678 -0.237605 -0.976389 0.612971 0.173661 1.820140 0.324281 -1.477995 0.013553 0.058048 -1.116952 
1.276142 -1.172687 0.905752 -0.160315 0.657393 -0.700578 -1.147953 -0.085617 -1.531274 -0.584648 -0.230979 2.350559 1.128321 0.721145 2.434654 0.462590 0.458314 -0.246633 1.260335 0.510658 
-0.758833 -1.041009 0.662947 1.944774 -0.350422 -0.698367 0.923171 -1.895855 -2.055249 0.655588 -0.369934 0.102972 -0.345885 0.015818 -1.301562 1.083491 0.719284 0.526676 -0.137488 1.371772 
-0.805170 1.378079 -0.064233 -1.408501 -1.319485 1.596504 -0.154676 -1.212103 -1.071020 -0.907510 0.210120 1.460258 1.830023 0.219801 -0.741080 0.347304 -2.351888 -1.187488 -0.383548 2.998575 
-0.655482 0.752447 -0.744178 2.530379 0.084946 -1.373076 -0.824578 2.308636 -0.401414 0.118171 -1.791632 0.096783 0.070536 0.956354 0.346764 0.475661 -1.233732 1.317926 -0.641062 -1.002384 
-0.327071 -0.963663 1.148541 0.109356 -0.298468 -0.649254 2.554371 0.818106 -0.496979 0.088632 -1.110819 1.987225 0.618854 1.381428 -0.890113 2.304708 -1.051896 -0.666559 1.578956 -0.152950 
0.086789 -1.557439 -1.036115 -0.108651 -0.276767 1.905653 -1.502940 -0.649710 0.692517 -0.328945 0.567388 -0.722211 1.211704 0.918685 1.412137 0.354417 1.051419 0.458717 0.128076 0.725986 
1.297751 -1.492456 0.452896 0.153136 0.348713 -0.000959 -0.610554 -0.848408 -0.130614 0.318447 -0.800315 0.905008 -0.222020 0.389457 -1.570918 1.468221 -1.035610 0.943033 0.516521 0.161516 
-0.932218 -1.052301 0.888324 1.163405 -0.280078 0.763195 1.169206 -0.759437 -0.219626 -1.759993 -0.854366 -0.209759 -0.050151 -1.402668 0.662437 0.513622 0.855629 0.696629 -0.394480 -0.012745 
-0.852284 -0.585744 1.571418 -0.288511 -0.349497 -1.203851 -1.483758 -0.163060 0.749679 -0.547800 1.133820 -0.341799 -0.051957 -0.689650 -0.579316 -0.894538 -0.427707 -1.006835 0.311730 -1.385849 
-0.939545 -0.015534 1.305601 1.700101 0.817492 -1.697715 -0.613607 0.355620 0.181422 -0.963352 -0.390863 -0.526206 0.344612 0.155800 -0.383393 -0.169594 -0.618186 -0.676818 -1.138939 0.611938 
-0.715135 0.254353 -1.107858 0.441438 2.078066 -0.567962 -1.470536 -0.165678 -0.693339 -1.315539 0.048134 0.556219 -0.373059 -0.296056 0.082622 1.138544 1.494535 -0.539366 0.450530 0.998752 
-0.606181 0.111167 1.456737 -0.304382 0.686933 0.529634 0.062481 2.424982 -0.606920 1.340072 -0.656358 0.353286 0.828518 -0.132595 -1.450627 -0.328943 0.068817 -0.305614 -0.852077 -1.350961 
-0.617633 -0.321903 -1.222805 -1.146022 0.539772 -1.281798 2.004402 -0.206064 1.812107 -0.280452 -0.465179 0.631236 -0.484602 -0.559851 -0.368198 0.093078 -0.629043 0.254440 0.361205 0.403526 
-0.721931 2.187602 -0.047219 -0.178774 -1.827034 -0.477224 -0.125824 0.106872 0.274932 0.043516 -0.059266 -0.977053 0.771231 0.344538 -0.169584 0.229905 0.313442 1.070905 -0.082359 -0.558228 
-0.574521 -0.924272 -1.667752 -0.017706 -0.791550 -1.687427 -0.832272 -0.724074 -0.560897 1.535481 0.938138 1.042541 1.401228 2.065887 -0.244286 0.381270 1.026540 -1.036605 -0.097090 -0.358809 
1.432102 -0.691066 -0.792914 -1.287215 -0.533627 -0.417293 -0.439303 0.605414 0.150023 0.394791 -0.831400 -0.113347 -0.182092 -0.154628 -0.381401 -1.952469 -0.848580 0.859004 0.581564 0.612837 
0.505710 -0.495983 -0.163601 -0.502018 1.396934 1.394467 0.579162 -0.491542 1.477085 0.462830 1.506584 0.014304 0.737968 -0.518378 -1.176409 1.127470 -0.840721 -0.169033 1.652225 0.063730 
-0.576830 -1.710517 -0.683935 1.452052 -2.042510 -0.338309 0.862624 -1.972436 -0.798602 0.239424 -1.249875 -0.714209 -0.637137 -1.513026 1.122242 1.189133 -0.998483 0.152306 -2.714309 -0.423126 
-0.336997 0.207074 -1.342662 -0.185593 2.452686 0.438113 -0.532746 -0.612727 0.141250 -0.007284 0.177209 -0.222816 -1.160597 0.716024 -0.571029 -0.335836 0.790588 1.713273 -0.508346 -0.545364 
0.007940 -0.071455 1.378028 -0.354728 2.680827 0.588466 0.086302 -2.653570 1.048140 0.484304 0.855008 -1.108323 0.635378 1.284905 0.246027 -1.232743 -0.165252 -0.285557 -1.154625 0.593416 
-0.987699 1.127477 -0.083709 0.441079 -1.011910 -0.149654 -0.398983 1.350929 2.041081 0.759397 0.200893 2.345510 -0.675094 -0.727905 -0.494880 0.968113 0.292978 0.081085 -1.605002 1.517299 
-0.637569 1.053609 1.704149 -0.515245 -1.978590 -0.598336 -0.730528 -1.514404 1.336388 1.080603 1.750651 1.244162 -1.270510 -1.828730 1.223288 -0.068594 1.546988 0.265577 0.827235 0.022544 
-0.790661 -1.163992 -1.445298 -0.586349 -1.134129 -1.865730 -0.201733 0.217241 -0.753622 0.736514 -1.361497 1.073480 0.490276 2.054192 0.837330 -1.372896 2.063743 0.535216 0.691422 1.310425 
-0.201052 -1.514476 -1.279674 -0.639365 -0.648442 1.099159 -0.253390 -0.413647 2.104811 -1.522109 -0.835517 -0.992649 -0.267283 -0.439833 0.810001 -1.013980 0.136881 -0.306301 -0.132557 1.908627 
0.110935 0.289610 1.352128 -0.979287 -0.702662 0.051014 1.910963 1.766615 2.251874 1.979493 -0.972337 2.008240 1.807387 -3.055175 0.000293 1.130389 2.868396 1.189347 -0.485330 0.578087 
-0.550452 -0.281074 -0.619363 -0.612703 2.281729 -1.417439 1.620974 -1.428764 1.116191 0.542268 -1.586068 0.928069 1.238424 0.494716 0.049740 1.096258 1.309081 0.471813 2.285078 -1.372277 
-0.837137 0.591368 -0.809855 1.420926 0.843609 -0.804178 -1.234360 1.874751 0.188538 -1.388185 -0.341244 -0.472375 -0.732637 0.402824 -0.382614 0.036813 -0.402185 0.017676 0.169762 0.526975 
1.101651 1.897169 1.465648 0.213573 0.320685 0.691970 -1.469517 -0.981881 1.285398 0.645568 0.654408 -1.705969 1.781254 1.706862 0.773885 2.241899 0.548485 1.217374 -0.040000 -1.427416 
-0.578859 -1.225162 1.319850 -0.329440 -0.958411 -0.242405 -0.796325 0.123501 -0.361951 0.109895 0.538373 0.342455 -1.601623 0.006450 -1.832183 -0.250598 1.146535 -0.951073 -0.848285 -1.612186 
-0.071793 1.017166 0.618398 -2.235349 1.339020 0.437900 0.099673 -0.442375 -0.406118 1.421560 -0.792826 -0.068726 -2.837541 0.406869 0.562296 -0.804883 0.670756 -0.433815 -0.897927 0.281168 
-0.402554 -0.520075 1.498709 0.588343 1.185066 2.032737 -0.030836 1.291765 -0.042313 0.144827 -0.038346 -0.708096 1.032958 0.573093 0.038864 -0.868402 -0.060325 0.812509 -0.647857 0.929833 
-1.172373 0.543327 0.006552 1.553414 -0.474100 -1.157477 -0.557669 0.340979 2.349678 0.439993 0.500769 1.257900 -0.149504 0.518493 -1.166417 0.013053 0.286727 0.841697 -0.029985 0.259784 
-0.152968 -0.359909 0.413116 -0.347059 2.656061 0.265506 1.216790 -1.581262 1.458574 0.681140 -0.530238 -0.102363 0.639557 0.818238 -0.807061 -1.153557 0.135396 -0.002101 0.194667 0.299632 
0.021065 -1.246387 -1.376039 -0.603346 -0.375997 2.132110 -0.908604 0.466367 1.663111 -0.181056 -0.546588 -0.979467 -0.421639 1.410526 0.105910 -0.524889 -0.125498 1.169921 -1.003770 1.060068 
1.661363 -0.092934 0.381733 0.045397 -0.054958 -0.619750 1.861057 0.302134 -0.624422 -1.088651 -0.692169 0.417832 1.101566 0.508543 0.773817 -2.312480 0.729968 -1.182498 0.847505 -0.758474 
-0.238915 -1.707280 0.458358 0.832571 -1.441619 1.306325 1.555869 0.350274 -0.788169 -1.040802 -1.539011 0.320307 -0.999457 1.149056 0.801170 -0.451169 0.924332 1.689236 2.346971 0.596105 
0.607176 -0.045332 1.608211 0.647825 0.077371 0.227155 0.326072 1.138806 -1.666058 -1.190282 1.245494 -0.142157 -0.667320 0.350590 0.537606 -1.225233 -1.374288 0.323810 -0.500535 -1.756335 
-1.018313 0.035127 -0.491375 -0.172729 0.573358 0.955765 0.515920 1.373375 -0.605116 1.071636 1.891375 -0.422265 -0.534955 -1.608488 -0.786478 -0.732253 -0.545676 -0.437232 2.588577 0.837248 
0.385228 0.740253 0.584596 -1.189120 -0.078697 1.483977 1.522962 -0.018545 -0.455110 -0.562612 1.868599 -1.102619 1.966803 0.088344 -0.412069 0.251432 -0.907827 -0.179905 0.648862 -0.336114 
-0.715469 -1.498465 1.546589 0.498403 -0.395258 1.057353 -0.482028 -0.387897 -0.031178 0.079238 -1.006301 -1.827607 -0.314320 0.205168 -0.453035 -1.071261 0.821523 -1.009184 -0.809067 0.572292 
-0.345892 0.296010 0.640271 -0.062847 1.049749 2.079411 0.442867 -0.955533 -0.395688 0.210926 1.078098 -1.013260 1.378555 1.023527 -0.955338 0.492708 0.455359 0.912026 2.150046 1.138362 
1.647260 0.429854 1.369520 -0.299769 -0.220573 -1.014734 0.763914 -0.177258 0.228789 -1.052334 0.115583 -1.034711 -0.369123 0.614450 0.032089 -1.804456 -0.738757 -0.597525 -0.513832 -1.086339 
-0.723978 1.769925 1.541003 -0.844505 -2.191468 -0.155997 -0.866171 -1.670920 0.674885 0.264878 1.125464 1.170106 0.504808 -1.210344 0.945473 0.400522 -0.187508 1.373346 1.426940 0.780094 
-0.647262 -0.124759 1.978107 0.547017 -0.683947 -1.213019 -1.368396 0.296121 1.719109 0.285501 1.467524 -0.576556 -1.074602 0.188252 -0.370299 -0.653962 -0.628310 -0.388918 0.820133 -1.841240 
-0.273088 -0.891574 0.214694 -1.657958 -1.010788 -0.456184 -0.715652 1.924691 0.000882 1.658228 -0.567321 1.068556 -0.554236 1.675155 -0.093510 0.402932 0.560603 -1.460268 -0.706123 0.262129 
-0.112097 0.139997 -1.222142 0.488572 0.068180 0.882072 -0.891440 2.033646 -1.833003 2.186882 -0.172977 -0.399443 -0.491445 1.625677 -1.048658 0.070377 1.128826 1.936907 -1.664123 0.074622 
0.189188 -1.138437 0.188763 -1.702353 -0.916953 -0.205465 0.124277 1.858554 0.659460 1.226485 -0.369267 1.238632 0.351319 1.221750 -0.895112 -0.701205 -0.838919 -0.714061 1.355903 0.988989 
1.484990 -1.139630 0.109457 -0.709614 0.229063 -0.630424 -2.088104 -0.826883 -0.751827 -0.024982 -0.083133 -0.080325 -0.481095 -1.582417 -0.311816 0.321513 -1.991120 2.034268 -1.524384 0.593629 
-0.885279 -0.303786 0.818546 -0.925225 0.360311 0.311441 -0.398645 0.687893 1.354579 -0.006500 1.699260 1.912363 0.279022 0.170097 0.732244 0.145754 0.026924 -1.321406 -2.207995 2.406346 
-0.105680 0.186483 1.181570 -0.493408 2.371763 0.300242 -2.281727 1.696464 -1.208851 0.151095 -0.335376 0.818982 -0.537545 0.115602 -0.307009 1.077248 0.906717 -0.155264 0.130193 -0.280791 
-0.905500 -0.925497 1.567877 0.682620 0.432106 1.482698 0.419476 0.589234 -0.333759 0.633144 -2.327587 -1.770935 0.621028 -0.835706 0.596548 0.533109 0.030152 -0.666775 -1.437431 -1.451962 
0.589240 0.351090 -1.646206 -0.616674 2.228502 0.787384 -0.231767 1.143959 0.563204 -0.563138 -0.363187 0.302950 0.249566 -0.004266 -0.219551 0.181861 1.487372 1.090549 -0.946646 -0.695543 
-0.780745 -0.690548 1.411870 0.455416 0.743171 0.008171 0.343550 -0.671169 -0.139720 1.408110 0.058700 -0.124003 0.884439 0.524642 -1.205775 -0.957357 0.801933 -0.723112 -0.276438 0.705339 
-0.325626 -0.712186 1.852813 -0.218225 -0.075774 0.511106 -0.901994 1.025358 1.769811 -0.734368 1.946501 -0.212203 0.792772 1.303999 0.541146 0.097551 -1.434397 -1.759926 0.004281 -0.335438 
1.308593 -1.505793 -0.237285 -0.183644 0.391233 -0.181858 -2.097606 -0.946100 -0.031723 0.192236 -1.085658 0.336094 -0.408548 -1.795601 -1.174893 0.942305 -1.746238 1.670635 -1.388018 0.767334 
-0.776369 -0.426107 1.700976 0.253455 1.111843 1.068146 0.521223 0.568766 0.033014 0.671018 0.429499 -0.142467 0.958771 0.526062 -0.850827 -0.728062 -0.452194 -0.479422 -0.556151 1.239732 
0.671585 0.750173 -0.665447 -0.826252 -0.518874 -0.363221 0.355124 1.142324 -1.055040 -0.379443 0.589161 -0.797274 -1.419825 0.661932 -0.885797 2.335192 -0.692386 -0.862461 -0.340782 -1.433934 
-0.515637 1.656876 -0.126735 -1.564869 -1.190596 1.305257 -0.167885 0.019121 -1.411615 -0.040269 -0.022132 0.070421 1.079148 0.665664 -0.105584 0.699190 -0.276033 1.101786 -0.279125 -0.302311 
-0.173008 1.623387 1.272992 -0.539772 -2.123210 -0.413451 -1.351296 0.809640 -0.711039 0.255936 -0.107389 -1.331161 -0.583315 1.637644 -0.240687 0.116064 -0.840464 -0.377819 2.418666 -2.259062 
0.668222 0.484171 -0.916972 -1.505507 -1.120632 -0.580140 1.790706 0.643397 -0.677956 -0.911518 -0.518820 0.093633 -1.303805 -0.317197 -0.692453 0.643849 0.751543 -0.035892 0.409089 -1.268127 
-0.351389 -0.561699 0.595733 1.622510 0.304437 1.448965 2.092744 -0.304713 -1.427535 0.466134 0.865386 0.831705 -0.592929 1.932610 -0.107833 0.697203 -0.932237 1.117334 0.804224 0.297783 
-0.434139 -0.762345 0.408378 -0.700251 -0.397682 1.595845 -1.571027 1.205059 -0.320677 1.859857 -0.806355 -0.600857 -1.704158 0.732084 -1.062738 0.052321 -0.491357 -0.420340 -0.071616 0.554476 
-0.625051 0.125905 1.973667 1.388007 -0.976795 -1.970889 -1.145780 0.028933 1.635264 2.056853 1.254662 -0.173061 -0.560629 0.786894 -0.292609 -0.500972 0.101890 1.074060 -0.056135 0.882302 
-1.066828 -1.173065 -1.283972 0.278530 -1.236669 -0.534430 -1.151413 -0.559703 -0.943723 1.473308 -1.513898 -1.097972 0.051526 1.416963 0.640178 0.811066 2.414569 -0.448091 -0.807448 0.662454 
-1.148974 -0.647656 -1.535892 0.532721 -0.666534 -1.459628 -1.116442 -0.495571 -1.301908 4.290801 -0.280690 0.005273 1.347220 -1.319696 2.697836 -0.462207 -1.317079 0.458078 -0.674638 -1.444541 
0.795065 0.532507 -1.516953 1.024064 0.788335 0.756960 0.861288 1.119794 1.294979 -0.769971 1.292552 -0.776431 0.592652 0.866658 -0.129669 1.686803 0.002109 -0.692258 -1.162062 -1.753184 
-1.269880 0.002183 -0.301677 -0.000547 0.735288 -0.339855 0.219898 0.333634 0.139565 -0.128482 0.360339 0.147175 0.185828 0.129510 -0.928734 0.268272 0.478272 -0.195342 -0.582059 0.110426 
-0.982708 0.191427 -0.516676 -0.761028 0.261415 0.656705 -0.044095 0.560555 0.103909 -0.007466 1.003343 1.132470 0.011148 1.131979 -0.608391 0.887757 -0.686613 0.181664 -1.339587 1.159874 
-0.440764 -0.120639 0.971345 -1.711361 0.763861 -1.933307 2.676562 -0.157081 0.740320 -0.907099 -1.777414 1.306398 -0.609398 0.059402 1.079157 -0.698327 -0.613592 0.362425 -1.878560 -0.856906 
0.844653 0.067890 -1.087123 -0.508592 1.362824 0.708049 -0.814497 1.845088 1.355733 -1.105913 0.537513 0.647888 0.290055 -0.047926 -0.069796 0.643523 -1.330283 -1.257224 -0.221982 -0.685372 
1.451392 -0.933414 0.657362 -0.227070 1.047058 -0.384129 -0.959092 -0.478899 -0.672412 -1.067843 -0.319906 0.625293 0.606401 -1.749091 -1.101213 0.089477 -1.748114 1.431848 -0.410923 -0.805082 
-0.573469 1.571303 -0.697631 -1.377584 -0.542896 0.480976 0.213306 -0.526599 -1.596602 -0.795162 0.145772 -1.090966 1.232625 0.522223 -0.952667 -0.101655 1.408954 1.182754 -1.433380 -1.119243 
1.384898 0.879961 -1.091729 1.671380 -0.742327 -0.725017 1.957260 -0.838675 0.442044 0.620712 -0.090266 -1.330299 -0.806846 1.151061 -0.298857 -0.133372 0.118239 0.918423 -0.532787 0.607430 
-0.210625 -0.545427 -0.547892 1.490798 0.687312 0.019489 1.523397 -2.414520 -0.390629 -0.631614 2.052201 1.703892 -0.168121 0.603650 -0.374371 1.959489 0.298038 -0.549148 -0.166082 -0.772346 
1.619273 0.801004 0.102843 0.982419 -0.431688 -0.603960 -0.453078 0.026020 -0.233983 -0.457080 0.867157 -0.804710 0.577766 -0.633834 -0.366350 0.610141 0.160333 -1.257458 1.559406 0.878512 
-0.388278 -0.050958 1.538039 0.260638 1.268233 0.716305 1.487600 1.900911 -0.836274 1.356396 -1.585287 0.006744 0.474022 0.792021 -0.870694 -1.573098 0.188671 0.903773 -0.500156 -0.356974 
1.308127 -1.626180 0.275404 -0.376627 0.287512 -0.120997 -1.739135 -0.983017 0.091695 0.583088 -0.829976 0.561391 0.295213 -1.097412 -1.569469 0.420825 -1.729329 1.917376 -0.215983 0.255486 
-0.182387 -1.876736 0.719535 1.232193 -1.087851 0.985865 0.681802 -2.101586 -0.197206 0.523943 -1.041078 -1.114980 -0.994950 1.232334 0.487014 0.058367 -0.239039 -1.156437 -1.483876 -0.457909 
-0.735762 1.192395 -0.241638 -1.226226 -0.103967 0.064384 0.572451 -0.808014 0.149507 0.130595 1.011258 -1.784990 -1.210426 1.428533 1.137831 -0.084853 0.414656 1.681608 -0.107462 -0.970121 
-0.364540 -0.848212 1.524761 0.841284 0.665308 -0.093163 -0.187873 -1.450217 -1.547427 0.918362 0.130167 0.186883 -0.704272 -1.409605 -2.373049 -0.329709 1.180907 -0.536884 0.253489 0.638397 
1.261102 -1.244152 -1.331654 -0.683168 -0.276306 0.261826 -1.834151 -0.541591 -0.179678 0.027909 -0.480238 0.954429 -0.988790 -1.041350 -1.703581 -0.136344 -1.979627 2.118021 -0.963613 -1.309441 
-1.062327 1.606992 -0.199006 -0.470197 -1.238676 0.469384 0.134053 -1.610203 0.387952 0.593967 -0.277653 0.456870 -0.531492 -1.162836 1.604913 0.423566 1.486172 0.357017 -0.606441 1.945067 
-1.402977 -0.196663 -1.083763 0.112860 0.373721 -0.050711 0.136943 0.187714 -0.202265 1.027716 0.556778 -1.523789 -0.229678 -2.504715 1.187102 0.207426 -0.572121 -1.530581 -0.398395 -0.193244 
1.022264 1.592045 0.152907 1.400221 -0.437054 1.948918 -0.315780 -0.333500 0.265495 1.364421 -0.387914 1.613514 -1.040527 -0.373987 0.288527 0.310380 0.738336 -1.185149 0.465005 -1.421014 
-0.486440 -1.639331 0.462726 0.762349 -1.643149 0.631011 0.709408 -0.477073 0.000039 -2.105824 0.453533 -0.746754 -0.161324 -0.929453 1.163437 -0.257436 1.219520 -0.433052 1.366356 -0.530955 
-0.181527 1.599569 -0.091305 -0.820795 -0.015952 0.664581 -0.689856 0.207170 -2.308517 -1.252410 0.653191 -1.273889 0.748056 0.070876 0.282446 0.292362 0.713060 1.344229 -1.804969 0.293368 
-1.287702 -0.249647 -1.653455 0.374001 0.248566 -0.989884 -0.429273 -0.302019 -1.802368 3.951507 -0.249964 -0.346173 2.815387 -0.932495 4.229534 0.749934 -2.508361 -0.303286 -0.313234 -2.005320 
-0.165856 -1.159727 -1.814969 0.613662 -1.075280 -1.062801 -0.618727 -1.830142 -0.379977 0.881667 1.386969 1.121102 0.905855 2.014394 0.178002 0.800654 1.492882 -2.116269 -1.143527 -0.820314 
-0.401380 1.420320 0.338652 -2.831007 -0.352378 -0.557148 1.152788 -0.950929 0.139753 0.749232 -1.446173 -0.184774 -2.362572 0.448972 1.024591 0.189891 -0.300018 -0.698812 0.150139 0.002731 
1.522994 -0.417036 -0.264692 -0.042739 0.144797 -0.302557 1.964648 0.332635 -0.940197 -1.266777 -0.345006 0.650133 0.647003 0.169638 1.168191 -2.483550 1.057245 -0.602535 0.966142 -0.639914 
-0.903617 -0.643873 1.535335 -1.074468 -0.147247 0.419365 -0.250032 1.436778 0.429683 -0.423912 -1.656487 0.069736 0.047292 -0.552531 1.549693 1.547691 1.102470 -1.130855 -0.942477 -1.606913 
0.003954 -2.023869 -0.077007 -0.315758 -1.962259 1.397570 -0.607674 0.542321 0.957871 -0.338890 -1.185030 -2.338376 0.929556 -1.399800 1.066048 0.133166 -0.207774 0.976554 0.312623 1.490461 
1.085662 1.628609 -0.922955 1.711674 0.462323 1.283344 0.192304 -0.898763 0.486319 0.549299 -1.465163 1.134080 -2.452934 -0.349357 0.631579 -0.122675 1.398376 0.074161 0.591769 -0.444948 
-1.005074 -0.070431 -0.608113 0.216182 0.860060 1.299678 0.440987 1.253442 -0.468172 0.917909 2.442015 -0.826567 -0.747562 -0.727252 -0.011643 -1.685172 -0.455082 0.699811 2.409416 1.072655 
0.935261 0.112184 -1.284095 0.131188 0.098838 0.371007 1.435089 -0.325597 -0.019050 0.982756 1.463438 -0.025230 -0.627491 -0.402887 -1.972242 1.342827 1.738873 1.329385 -0.047413 -1.779508 
-0.387690 -1.631311 -0.634157 0.505917 -2.091494 -0.572735 1.213500 -0.515706 0.043242 -2.006963 0.133504 0.198255 -0.727543 -0.263137 -0.048244 1.536518 0.573258 0.265949 1.162295 0.301728 
1.366615 -0.980154 -0.568460 0.387043 -0.070859 -0.258541 -1.715378 0.682469 -1.359034 0.269906 0.700317 1.558073 1.269424 -0.918484 -0.229463 0.385405 -0.776080 0.422576 0.521224 0.930553 
-0.596562 -0.731824 0.793788 0.266356 -1.207092 -0.887971 0.683182 -0.858350 -1.609275 -1.811591 2.777005 1.127550 -1.177194 0.246161 0.618668 0.145680 -0.076866 0.689834 1.426097 -1.211646 
-0.399145 -0.661991 -0.107383 0.849031 -0.313930 1.035014 1.957057 0.008655 -0.898854 -0.932084 1.733164 1.423941 -1.533499 1.034119 0.518564 -1.498001 -0.452976 1.478011 -0.090759 0.793736 
-0.105424 -0.139685 1.317193 -0.578295 0.393967 0.100810 3.330120 -0.115782 0.304866 0.297206 -1.614066 0.881692 0.987251 -0.521044 -0.998770 1.734396 -1.929697 -1.420128 1.496570 -0.613309 
0.046554 -1.510293 -1.443929 -0.272942 -1.003002 -0.207367 0.167640 -2.048458 1.702769 -1.782758 0.662060 -0.085686 -1.186500 -0.964404 -1.032152 0.502967 0.240332 -1.533710 -0.072599 -1.167755 
0.152110 1.599022 0.307266 -2.002258 1.174205 1.014227 -0.796843 -0.442752 -1.497239 0.389339 -1.578200 -0.387508 -3.462424 0.935742 1.684051 0.109045 0.081290 0.327832 0.838440 0.499438 
-0.043994 0.251485 1.256453 0.055077 -0.427445 0.671765 1.145138 2.666529 1.139708 1.095031 0.094701 -0.179702 1.529819 -1.007647 0.286448 -1.018398 1.883511 3.483432 -0.139004 0.104520 
-0.748004 -1.090984 1.505284 -1.016899 -0.631485 0.154868 -1.441522 0.805709 0.251459 0.709243 -0.567845 -0.020256 -1.092631 0.821501 -0.891074 0.430736 0.927038 -1.054664 -0.574884 -0.654907 
-0.568987 1.044341 -0.329870 -1.084680 1.330365 -1.241850 -0.926776 -0.865054 -1.232987 -1.563694 -0.352760 -1.404581 -1.954048 0.036971 0.648490 1.790884 0.038002 1.066785 0.512455 0.930630 
-0.995263 1.259522 1.958565 0.164270 -1.361125 -0.592536 -0.765717 -1.730111 1.104499 -0.020127 0.647701 1.425831 1.589118 -0.406736 0.482514 0.418026 0.639168 2.552145 -0.134944 0.148814 
-0.744159 -1.039236 -0.004226 1.396107 -0.830720 0.997775 0.855980 -1.247567 -0.225423 -0.948119 0.653600 -1.851490 -0.593495 -1.742628 1.030430 -0.170442 -0.880665 -1.460091 -1.736684 -0.110157 
1.458217 1.280616 1.117910 0.099123 0.304851 -0.580749 -0.421215 0.287981 1.767413 0.854059 0.448724 -2.050980 0.505829 -0.144115 0.355185 0.869576 -0.486195 0.441726 -1.353104 0.510742 
-0.037462 -0.149447 0.420631 1.765443 0.102618 1.700609 1.905042 0.807485 -0.593577 -0.145878 1.106998 0.633286 0.161689 0.503454 0.423368 -2.216092 -0.361065 2.126421 -0.458559 -0.796491 
-0.218553 -1.249232 0.246674 -0.799628 0.450847 2.186972 -0.461561 -0.283606 2.344641 -0.971442 -0.834865 -1.268925 0.411380 -0.018951 1.227204 0.143693 0.857545 -1.655393 0.519950 -1.331927 
-0.744240 -1.038284 1.032475 1.170481 -0.104026 1.792177 1.751482 0.799262 -0.483920 -1.104331 -1.289304 -0.368425 1.212322 1.128920 2.061255 2.007293 0.813294 0.821649 0.767414 -1.034768 
-0.534326 1.652549 -0.121804 -1.120793 -1.325745 2.005354 -0.208256 -0.784301 -1.174675 -0.530127 -0.293531 0.808722 1.374255 0.115632 -0.513920 -1.074657 -1.577836 -1.265153 0.170616 0.433313 
-0.098999 -1.511858 -0.950765 -0.113902 -1.378470 -0.416149 1.847252 -1.436543 1.810791 -1.443476 -0.002338 -0.520871 -0.433716 -0.832979 0.338690 0.307666 0.332661 -1.070218 -0.054545 0.367885 
-0.012204 0.093402 1.345731 -1.678810 0.338686 -1.365384 2.516428 -0.399809 0.839101 0.685617 -1.136237 -0.496150 0.922621 -0.998332 -1.640290 0.803516 -1.315334 -1.137084 0.160823 0.233613 
-1.158255 -0.194234 -0.723791 -0.307714 -0.856605 0.218824 -0.471343 -1.360069 -0.205196 -0.673580 -1.238209 -2.700860 -0.486037 -0.413041 0.344392 0.634249 0.161046 -0.949957 -1.115102 0.615470 
0.765395 2.096275 0.125938 2.087198 -0.516335 2.377036 -0.796212 -0.378298 0.531308 0.295988 -1.561913 3.643978 -0.635051 -1.720799 1.201318 -1.234439 -0.072946 -1.561121 -0.952788 -0.633013 
-0.022714 -0.002425 -1.386663 0.313019 0.892589 -2.296659 -1.327147 -0.725478 3.118498 -2.154476 -0.254258 1.195581 -0.109506 -0.718004 -0.594748 1.009379 -0.402367 0.346265 2.020506 -0.807054 
-0.622867 -0.282981 1.355888 2.434395 0.390917 -1.092843 0.033214 -0.092963 -1.246560 -1.625923 -1.306360 -0.373605 -0.010994 -1.974298 -0.353012 0.429744 -0.800308 -1.381352 -0.255693 -0.293688 
0.007250 0.277953 1.921350 1.098685 -0.743597 -1.495274 -1.389767 1.638361 -0.206848 -1.144896 0.598306 -2.124105 0.160519 -1.904900 0.308828 -0.458536 0.818630 -2.970751 -0.297157 -1.029395 
