124
0.116867 -1.548218 -1.140190 -0.091903 -0.322298 1.727151 -1.489806 -0.628038 0.588905 -0.391985 0.540345 -0.676549 1.151253 0.784648 1.367736 0.174219 1.144561 0.486397 0.220976 0.785720 
-0.803601 -0.430155 1.636994 0.251044 1.139627 0.927384 0.477640 0.466142 -0.036643 0.607696 0.403209 -0.126831 0.896125 0.428577 -0.962212 -0.751666 -0.438430 -0.473524 -0.475947 1.344484 
-0.349795 0.377306 0.673809 -1.893168 0.664722 0.130152 0.245362 1.228544 -0.155169 1.090249 -0.087129 -0.141712 -1.674291 1.323763 0.276275 -0.769658 -1.050344 0.709935 -1.072228 -1.748283 
-1.200945 -0.649105 -1.647287 0.515535 -0.732643 -1.486484 -1.114138 -0.489622 -1.302836 4.226455 -0.303105 0.013256 1.287946 -1.245342 2.691490 -0.524270 -1.348974 0.485744 -0.596632 -1.575003 
-1.225899 0.527911 -0.082250 1.482225 -0.530049 -1.197948 -0.571022 0.261592 2.160747 0.376736 0.474090 1.201005 -0.221774 0.421713 -1.287142 -0.117763 0.339500 0.878270 0.059982 0.278666 
-0.364429 -0.847309 1.458199 0.807773 0.669516 -0.181594 -0.211588 -1.346885 -1.535715 0.854970 0.105510 0.185461 -0.781358 -1.326881 -2.529491 -0.410940 1.280886 -0.532321 0.348716 0.690455 
1.733728 0.764193 -0.243273 0.873397 -0.512081 -0.399358 -0.272339 -0.271294 -1.214297 0.690326 0.238810 -0.774243 0.924294 0.571910 -0.292452 1.246022 -0.312037 -1.357587 1.174957 1.583868 
1.828228 0.528550 1.046856 -0.077615 -0.406129 -1.407848 0.344459 -0.569968 -0.561007 0.069721 -0.236897 -0.763599 0.905928 1.366376 0.334240 -2.282719 -0.062513 -1.454315 -0.291487 -0.667797 
-1.321175 -0.544893 -0.731961 0.117521 -0.055350 -0.458060 -0.642634 -0.358614 -0.285877 1.185467 -0.934943 -1.125692 -0.270601 -0.671709 -0.407726 0.099139 -0.443136 0.180166 -2.502248 0.974791 
-0.324472 -0.961406 1.076468 0.114569 -0.345145 -0.712627 2.453818 0.690047 -0.539350 0.025474 -1.128705 1.892556 0.553256 1.204310 -1.002661 1.842376 -1.069791 -0.665006 1.698775 -0.170235 
1.337282 1.845010 0.272802 0.803494 -0.106482 0.656312 -1.278514 -0.902656 0.622295 0.619349 0.183073 -1.488263 0.461001 1.618592 0.625605 1.826969 -0.079397 0.639340 2.240049 -0.749525 
-0.634326 -0.327173 -1.329614 -1.074388 0.537352 -1.316667 1.919260 -0.229648 1.650853 -0.343506 -0.486587 0.606798 -0.559781 -0.556238 -0.465297 -0.049314 -0.624615 0.277377 0.458430 0.435004 
-0.389570 -0.088241 0.274176 -0.191399 0.143523 0.625415 0.652868 -0.125677 -0.128347 -0.503523 2.421509 1.085666 -1.196026 0.530432 0.967971 0.274468 -1.385618 -1.582842 -1.150179 -1.093710 
-1.329879 -0.006887 -0.394994 0.010482 0.743190 -0.417170 0.184757 0.254996 0.064422 -0.191579 0.334426 0.147808 0.116470 0.068944 -1.042425 0.100536 0.541157 -0.182848 -0.502335 0.116221 
-0.941306 -0.923688 1.501946 0.657503 0.424002 1.323256 0.378744 0.484522 -0.384533 0.569832 -2.338833 -1.670954 0.555449 -0.806411 0.528006 0.327061 0.069380 -0.665228 -1.373578 -1.583074 
1.607902 -1.135310 0.022162 -0.661070 0.210239 -0.694645 -2.058573 -0.787138 -0.781077 -0.088108 -0.106626 -0.067908 -0.556244 -1.483605 -0.407246 0.146075 -2.058598 2.098532 -1.462143 0.641765 
-0.832459 -0.142629 -0.199018 1.584632 0.714264 0.815205 1.403243 0.661289 -1.121325 -0.320204 -0.149902 -0.278092 -0.741359 0.421932 0.764291 -1.070451 -1.195291 0.922187 -1.652574 -0.568913 
-0.152553 -1.155171 -1.930453 0.592194 -1.162970 -1.107539 -0.630368 -1.688054 -0.428372 0.818285 1.355454 1.071292 0.842749 1.778348 0.097071 0.555902 1.609330 -2.148378 -1.074221 -0.896077 
-0.818843 -1.159386 -1.555366 -0.544327 -1.224926 -1.874286 -0.225059 0.150476 -0.782779 0.673173 -1.378015 1.026137 0.423562 1.814440 0.775914 -1.303216 2.210328 0.564673 0.794774 1.421371 
1.808569 -0.189990 0.979698 0.112105 0.148937 -1.388132 1.138080 0.702393 -0.140825 -1.238881 -0.348254 0.572643 0.529949 0.690630 1.245731 -2.297860 0.645922 -1.225192 -0.397726 -1.590558 
0.727004 0.101967 -2.055552 -0.282291 0.834459 -0.066862 -0.529706 1.987684 0.287959 -1.996588 0.310053 0.751758 1.948484 -0.198649 0.900852 0.435512 1.174123 -0.561581 -0.296255 -0.436408 
1.419296 -1.616154 0.190540 -0.345701 0.271773 -0.208174 -1.719382 -0.927344 0.019017 0.519791 -0.849394 0.540571 0.226805 -1.043753 -1.702125 0.231020 -1.782987 1.978926 -0.129467 0.273992 
-1.047492 -0.078649 -0.705918 0.215744 0.874550 1.148483 0.399652 1.080974 -0.512025 0.854517 2.404743 -0.775499 -0.825024 -0.708055 -0.098187 -1.570318 -0.441470 0.733090 2.544644 1.162766 
0.028532 -2.009179 -0.167032 -0.288052 -2.096779 1.241964 -0.619625 0.442394 0.840597 -0.401927 -1.202510 -2.209006 0.866656 -1.317989 1.011403 -0.015025 -0.181107 1.016259 0.408947 1.617183 
0.848226 -0.931526 0.733906 -0.176682 0.718172 0.332432 -1.263209 -0.154508 -0.644042 1.993631 1.010252 1.152185 0.893262 2.416899 0.460874 0.195137 1.531094 -0.740775 -0.546312 0.159274 
1.572073 -0.931512 0.578093 -0.204056 1.071422 -0.459448 -0.961196 -0.474651 -0.705751 -1.130674 -0.342107 0.601163 0.540695 -1.634761 -1.220009 -0.052394 -1.802764 1.482125 -0.328024 -0.879510 
0.630965 -0.406653 1.015149 -0.863828 -1.239175 0.196736 0.092147 0.849739 -1.596262 -1.160557 2.448791 0.216732 -1.427645 0.031464 0.347957 0.311712 -1.386697 -0.144378 0.893995 -0.642249 
-0.011915 0.355406 -0.521578 -0.957544 -0.711586 0.332975 0.306101 2.111560 -1.249920 0.020210 0.265144 -0.422266 -1.325049 0.742537 -0.689671 0.169968 0.426117 0.116654 -0.734991 -0.766186 
-0.494422 -1.629151 0.380606 0.733014 -1.760821 0.509947 0.660552 -0.473012 -0.067921 -2.168361 0.427112 -0.699820 -0.233696 -0.891430 1.111673 -0.349122 1.321537 -0.426078 1.482231 -0.581362 
-0.587229 1.543831 -0.796748 -1.293699 -0.602477 0.366673 0.178351 -0.517485 -1.582358 -0.858070 0.121030 -1.026204 1.172357 0.425096 -1.067065 -0.215876 1.520971 1.227246 -1.369451 -1.221201 
-1.037029 1.235706 1.898357 0.166578 -1.463906 -0.658465 -0.773240 -1.598227 0.979676 -0.083254 0.620220 1.360238 1.531945 -0.417378 0.410596 0.228626 0.710547 2.628433 -0.046924 0.157972 
-0.403715 1.394618 0.254715 -2.670223 -0.401901 -0.624671 1.091508 -0.898530 0.064600 0.685887 -1.462229 -0.166947 -2.454057 0.358664 0.968719 0.033493 -0.278221 -0.698009 0.243448 -0.000911 
-0.200295 -0.548076 -0.644815 1.422922 0.692681 -0.074019 1.451732 -2.212820 -0.438475 -0.694568 2.017056 1.623898 -0.240552 0.498942 -0.471652 1.547097 0.351408 -0.544869 -0.078640 -0.843906 
-0.868404 0.575388 -0.910615 1.356747 0.857230 -0.860570 -1.228752 1.638904 0.110874 -1.450925 -0.363329 -0.439652 -0.809970 0.316813 -0.480139 -0.097439 -0.385780 0.035116 0.263435 0.569270 
0.142616 0.277169 1.283037 -0.916475 -0.770679 -0.043914 1.828439 1.541798 2.067978 1.915800 -0.990978 1.912482 1.752109 -2.819250 -0.085899 0.837937 3.057460 1.233992 -0.403812 0.624861 
-1.089190 -0.360786 1.275330 0.668719 0.804005 0.296327 0.502400 -0.314170 0.197542 0.125477 0.509266 0.231175 1.312233 -1.084012 -0.394033 -0.643401 0.413022 0.078551 -1.395159 2.629223 
-1.121416 0.090682 0.483543 2.254368 -0.788627 -1.083771 -0.030663 -0.363928 1.757126 -0.597171 -0.583032 0.446552 -0.371274 -0.454515 -1.211574 -0.630740 -0.067790 0.845474 -0.869082 -0.271560 
0.011301 0.083262 1.276546 -1.578987 0.325649 -1.396487 2.416939 -0.403629 0.727942 0.622290 -1.153984 -0.462195 0.859661 -0.953897 -1.775042 0.558350 -1.347137 -1.146456 0.254331 0.250202 
-0.208749 -1.243627 0.161390 -0.746322 0.443732 1.995794 -0.477606 -0.299279 2.155969 -1.034301 -0.854256 -1.194945 0.343981 -0.065696 1.177329 -0.006021 0.940452 -1.676801 0.620120 -1.452521 
0.186524 1.571225 0.222870 -1.885321 1.205281 0.875895 -0.803494 -0.442192 -1.488111 0.326096 -1.593535 -0.359181 -3.563459 0.800116 1.647698 -0.035657 0.123217 0.352473 0.944520 0.539321 
0.761929 0.795599 -1.187549 -0.057622 0.103354 0.137902 0.173375 2.401262 0.314923 -0.841810 0.392550 -0.294414 0.666228 0.393471 0.323434 2.639139 -0.531938 -0.136539 -0.986233 0.191205 
0.073960 -1.501626 -1.553977 -0.247502 -1.086876 -0.290652 0.133964 -1.884100 1.547144 -1.845387 0.634501 -0.072991 -1.267774 -0.923128 -1.148904 0.301279 0.290655 -1.552292 0.016577 -1.273963 
-0.545488 1.624125 -0.212486 -1.050493 -1.426658 1.822360 -0.231399 -0.748899 -1.182155 -0.593110 -0.315876 0.775091 1.315216 0.056358 -0.615332 -1.048121 -1.623496 -1.277499 0.264305 0.467401 
-0.401331 -0.663272 -0.197853 0.815109 -0.361423 0.895745 1.873241 -0.036832 -0.920534 -0.994953 1.699760 1.358446 -1.617785 0.889335 0.447713 -1.410223 -0.439253 1.529359 -0.001920 0.859407 
-0.556178 -1.748086 0.201237 0.643729 -1.223852 0.631338 -0.416492 -1.260017 -0.145539 0.092497 -0.650079 -2.421598 -0.697245 -0.017111 -0.062351 -0.169339 0.258077 -0.053118 -1.354564 0.861664 
-0.376530 -0.985271 0.144960 -1.078714 -0.643443 0.463818 -0.659143 2.099330 -0.038743 1.422588 -1.038927 0.057079 0.353323 1.210475 -0.400428 -0.418760 0.767228 -0.967196 0.647935 1.644327 
0.840529 2.062646 0.038885 1.987767 -0.574514 2.177293 -0.802880 -0.384313 0.435996 0.232771 -1.577337 3.463498 -0.711536 -1.609104 1.150676 -1.184789 -0.039161 -1.580340 -0.879942 -0.692364 
1.383836 -1.165540 -1.432080 -0.795006 -0.527136 -0.296434 -0.814940 0.015680 0.016289 0.300574 -1.065630 1.160105 -1.099414 -1.071565 -0.856158 -1.421007 -1.898074 1.512364 -0.317325 -0.346359 
1.408231 -1.483998 0.370632 0.156033 0.336206 -0.093545 -0.622425 -0.806466 -0.191847 0.255224 -0.819894 0.866390 -0.294919 0.304691 -1.703617 1.126897 -1.052645 0.981959 0.616628 0.171787 
0.495601 1.060670 -0.389232 1.152505 1.727495 1.918301 -1.033330 -0.387412 0.228402 -0.114346 -0.663242 -0.489315 -0.162367 -0.310572 0.674096 -0.281224 0.796982 0.017515 0.985017 1.215542 
0.771005 -0.935125 -1.193050 -0.493851 -0.017337 1.419962 -1.147292 0.176705 0.333580 -0.820270 0.476847 -0.052248 -1.188864 0.047035 -0.791341 -1.245569 1.007644 -0.853193 0.066938 -3.074594 
-0.759945 0.202127 -1.163583 0.432193 2.214601 -0.361965 -1.261562 -0.037743 -0.929873 -1.186653 0.074843 0.435759 -0.530450 0.169394 0.347665 1.202553 1.130263 -0.462190 0.955188 0.811700 
-0.230463 -1.696303 0.376174 0.799521 -1.548651 1.154830 1.483295 0.269938 -0.815547 -1.103641 -1.554560 0.311974 -1.079107 0.993571 0.738684 -0.514829 1.010765 1.745488 2.481040 0.644458 
-0.052245 0.996193 0.538559 -2.106080 1.378798 0.325538 0.067902 -0.441853 -0.453167 1.358025 -0.812446 -0.056910 -2.933151 0.320481 0.492739 -0.817374 0.743803 -0.426859 -0.824064 0.301924 
-0.137516 -0.645760 1.504981 1.483271 0.840766 -0.211751 -0.507493 -0.113517 -2.384517 -0.784787 -1.591648 0.647982 -1.556828 -1.809053 -1.871232 0.975065 0.533647 -0.178068 1.160745 0.146331 
0.964875 0.528747 -0.830952 0.659075 0.386861 1.342252 0.987644 -0.689456 -0.236310 0.728529 1.684264 -0.213416 -0.969458 -0.837313 -0.946739 0.258528 1.869728 1.152154 -0.937800 -0.370270 
0.032783 -0.079662 1.309316 -0.324960 2.791449 0.469319 0.054905 -2.427484 0.926219 0.421034 0.826396 -1.042662 0.569923 1.116773 0.167109 -1.183339 -0.136340 -0.275158 -1.085525 0.641533 
-0.737675 -0.970228 1.447957 0.690725 0.087062 1.682452 1.395852 0.797451 -0.380397 -0.752298 -1.269899 0.130226 0.642962 -0.005456 1.373869 0.675988 0.060209 0.054301 0.036190 -0.712803 
-0.745549 2.152902 -0.136808 -0.158315 -1.954414 -0.548349 -0.151277 0.051365 0.192820 -0.019630 -0.082889 -0.918191 0.706956 0.263953 -0.260804 0.067719 0.367626 1.112800 0.006636 -0.611025 
-0.380203 -0.900283 1.965191 -0.172187 -0.233047 0.657769 -0.277667 0.833561 -0.727914 0.316859 1.012280 0.377968 -1.020885 0.938480 -0.275909 -0.197517 0.053204 -0.246498 -0.052858 -0.243870 
-0.389116 -1.621225 -0.732343 0.490149 -2.232837 -0.639556 1.150519 -0.507703 -0.026942 -2.069528 0.108829 0.196243 -0.804832 -0.287148 -0.135872 1.185314 0.641157 0.289154 1.274383 0.324286 
-0.769253 -1.036093 -0.093186 1.333240 -0.905498 0.860184 0.803017 -1.164908 -0.281775 -1.010984 0.626087 -1.747337 -0.669619 -1.628900 0.974730 -0.274712 -0.889520 -1.476964 -1.678383 -0.123691 
-0.590814 -1.699502 -0.782851 1.386226 -2.181267 -0.415693 0.809475 -1.815833 -0.825444 0.176223 -1.267001 -0.668960 -0.713640 -1.420674 1.069259 0.888182 -1.013558 0.172872 -2.674147 -0.464085 
-0.562685 -0.286822 -0.717333 -0.569287 2.371279 -1.446196 1.546575 -1.327621 0.990766 0.478982 -1.601360 0.888257 1.178206 0.400150 -0.034988 0.808743 1.415826 0.499798 2.417999 -1.496407 
-0.591027 2.064615 -0.654746 -0.199486 -1.015907 0.376267 -0.543125 0.343033 -1.910704 -1.059306 -1.881950 -0.776446 -0.124690 -0.142731 0.296046 -0.958518 0.966231 -0.430043 0.088451 1.635284 
-0.544120 -1.584875 0.073631 -1.001987 -0.947279 0.740155 -0.706474 1.038086 1.392823 -0.158247 -2.403629 -0.915151 0.781739 -0.658842 -0.114587 0.802409 0.262983 0.677280 0.310656 0.309109 
0.286876 0.056740 1.753769 -0.980561 -1.133497 0.035599 0.977055 2.595104 1.378919 -0.502502 0.549972 -1.086579 1.958201 -0.673962 1.438538 0.532358 0.727414 0.904416 -0.762427 0.099526 
1.648430 -0.421189 -0.357467 -0.029478 0.121524 -0.381553 1.880619 0.254098 -0.959748 -1.329551 -0.367070 0.624717 0.581649 0.105336 1.116568 -2.253200 1.150695 -0.599496 1.074592 -0.699869 
-0.095225 0.129311 -1.328941 0.473722 0.040861 0.749695 -0.895440 1.781590 -1.806588 2.123131 -0.195980 -0.370498 -0.566683 1.425820 -1.165898 -0.068731 1.226055 1.998911 -1.604476 0.077279 
0.681655 0.269607 -2.170179 0.294174 1.074702 -0.078449 -0.283288 1.752933 1.335822 -0.807345 0.344171 0.007150 1.032608 1.293862 -0.278416 0.976776 -0.167319 -0.806119 -1.070815 -1.259089 
-0.350405 -0.564156 0.515561 1.547665 0.289592 1.291043 2.005127 -0.318234 -1.421996 0.402870 0.836718 0.796884 -0.669049 1.704178 -0.197225 0.467417 -0.943815 1.160307 0.909669 0.319994 
1.543368 -0.578683 -0.442004 -1.584185 -0.663824 -0.845369 -0.792341 0.326918 0.065262 0.010819 -0.266420 -0.240995 -0.950934 0.375101 0.637551 -1.607158 -0.918031 1.462708 0.440942 -0.129332 
-0.784901 -1.037846 0.583761 1.852879 -0.399842 -0.759527 0.868325 -1.747064 -2.017392 0.592269 -0.391862 0.105896 -0.419860 -0.034164 -1.426288 0.797823 0.794893 0.555935 -0.049515 1.488094 
-0.190086 -1.505760 -1.387316 -0.594537 -0.713596 0.956999 -0.275269 -0.416055 1.928486 -1.584812 -0.854905 -0.932979 -0.340575 -0.447394 0.747777 -0.996222 0.181744 -0.296383 -0.044493 2.071992 
-1.471813 -0.203402 -1.188535 0.117888 0.362534 -0.141055 0.104127 0.123961 -0.259809 0.964292 0.529793 -1.436609 -0.302643 -2.320038 1.136039 0.048492 -0.564688 -1.549091 -0.315263 -0.214059 
1.738470 0.315852 1.297319 -0.334877 -0.275253 -1.163502 0.547042 -0.002448 0.061373 -1.329345 0.354709 -0.817768 -0.308589 0.550215 0.048310 -1.556209 -0.751883 0.144958 -0.391337 -1.366783 
-0.081257 -1.503173 -1.053590 -0.096876 -1.482168 -0.490026 1.766513 -1.334606 1.649605 -1.506201 -0.026272 -0.485637 -0.508453 -0.803938 0.262515 0.134231 0.387859 -1.078038 0.034967 0.396240 
-0.884557 -0.587919 1.505538 -0.262246 -0.398867 -1.242232 -1.471162 -0.191030 0.643124 -0.610778 1.103687 -0.315839 -0.123379 -0.673953 -0.682663 -0.894059 -0.412650 -1.013184 0.408037 -1.511168 
-0.665922 -0.132340 1.918185 0.529074 -0.750976 -1.250988 -1.359032 0.221309 1.562643 0.222288 1.435570 -0.538437 -1.154904 0.122218 -0.467460 -0.688285 -0.623843 -0.380919 0.925874 -2.006463 
-0.649482 1.312985 -0.044922 0.987423 0.604592 -1.508377 -1.387375 0.965803 -0.251144 -1.538945 -0.818053 -1.220508 -0.304486 -0.242375 -0.667899 0.620422 1.204666 -0.697816 -0.422998 -0.027833 
-0.655585 1.032208 1.640213 -0.476984 -2.113972 -0.664003 -0.739037 -1.404524 1.199626 1.017164 1.717151 1.187979 -1.352513 -1.706986 1.173296 -0.187598 1.666292 0.288773 0.933107 0.020637 
-1.028963 1.105210 -0.173833 0.428741 -1.096255 -0.235539 -0.416782 1.168516 1.868038 0.696049 0.175850 2.232283 -0.751927 -0.708647 -0.595728 0.699136 0.346081 0.099997 -1.544258 1.646373 
-1.266838 0.267703 -1.000526 0.123520 0.444017 -0.188320 0.424455 0.757883 -0.082952 0.727885 1.616082 -0.243019 -0.202198 -1.430124 -0.658361 -0.565076 0.864146 0.327927 0.698604 0.449887 
-0.438649 -0.762449 0.325462 -0.652202 -0.449597 1.431304 -1.555985 1.037527 -0.372125 1.796198 -0.825902 -0.561480 -1.789926 0.615419 -1.180394 -0.084175 -0.479661 -0.413070 0.017579 0.599181 
-0.335057 0.195601 -1.451226 -0.164774 2.551263 0.325741 -0.546797 -0.594827 0.066020 -0.070415 0.152295 -0.203019 -1.241646 0.600854 -0.674132 -0.416180 0.869960 1.770084 -0.427254 -0.597035 
0.985329 -0.812808 -0.991806 -0.972489 -0.536625 0.260287 -0.006190 0.392373 1.521745 0.421294 0.137798 0.640967 -1.458332 0.180728 -1.974286 -1.256293 -1.651156 0.058860 0.821937 -1.442254 
1.273874 1.923507 1.376006 0.408732 0.415803 0.292863 -1.731479 -0.811858 1.008024 0.211186 0.268965 -1.654595 1.691755 1.382015 0.761800 1.755856 0.276065 1.119536 0.254981 -0.998678 
-0.896551 -0.346179 -0.313649 -1.729674 -0.741853 -0.722147 0.427190 0.863232 1.194076 -2.121974 0.052418 -0.335478 -0.251553 0.409503 2.390945 1.596175 0.069157 0.875721 -0.017500 0.517222 
-0.582451 1.023049 -0.423599 -1.016291 1.369686 -1.278519 -0.929786 -0.821414 -1.237464 -1.626385 -0.374781 -1.323575 -2.041986 -0.014980 0.581485 1.402883 0.077644 1.108584 0.612486 1.008297 
-0.642236 0.115383 1.913680 1.325569 -1.059285 -1.974707 -1.142653 -0.018623 1.483114 1.993138 1.223869 -0.155841 -0.636468 0.665126 -0.387471 -0.557427 0.144905 1.116029 0.033347 0.955734 
-0.695860 -0.126010 0.740931 1.231487 0.721491 0.608054 2.135275 -0.181540 -1.908907 -0.000278 1.211210 -0.733502 1.331602 0.392734 0.370353 0.123013 -0.139675 1.108005 1.456624 -0.198281 
-0.984708 -0.621375 0.655828 1.661429 0.352065 1.096348 1.394330 -0.475744 -0.693914 -0.730622 -0.260255 -0.917561 0.547322 0.108985 1.787816 0.148442 -1.518384 0.030897 0.149648 -1.218709 
1.579351 1.256553 1.045388 0.104878 0.290027 -0.647209 -0.438391 0.214000 1.608460 0.790685 0.422329 -1.936495 0.439250 -0.179207 0.279498 0.614853 -0.474226 0.469012 -1.287686 0.551615 
-0.030574 0.639887 2.032184 0.075617 1.960316 0.519988 -1.799509 -1.025576 -1.344499 -0.854255 -0.239160 -0.763210 -0.217519 0.622970 1.621613 0.148887 -0.735863 0.457779 0.840490 1.935609 
-1.226905 -0.015939 -0.953440 0.320736 0.577914 -0.366703 0.952181 -0.165963 -0.287967 0.429078 0.133202 0.666942 -0.024822 0.900987 0.100189 1.013800 0.191434 -0.314906 -0.350927 -1.033819 
-1.348885 -0.255764 -1.766572 0.365213 0.230771 -1.037907 -0.446223 -0.315815 -1.777530 3.887257 -0.272546 -0.319987 2.768861 -0.894190 4.268527 0.512519 -2.603146 -0.293299 -0.228522 -2.184921 
-0.817049 1.083367 0.475025 -1.062407 -0.781061 -0.689511 -0.145510 0.806704 0.029141 0.168703 0.945442 -0.286848 -0.895140 0.614139 0.615495 0.680464 -0.107155 0.392285 -0.904546 -1.974748 
1.501164 0.860597 -1.196618 1.593950 -0.812438 -0.784975 1.873439 -0.797726 0.351327 0.557403 -0.113720 -1.253141 -0.884823 0.995390 -0.393904 -0.243005 0.162117 0.956778 -0.452149 0.656775 
0.046778 -1.240815 -1.485093 -0.560424 -0.426767 1.943404 -0.912123 0.374188 1.509527 -0.244138 -0.567552 -0.920480 -0.496272 1.230699 0.022845 -0.577884 -0.094488 1.214115 -0.931871 1.149077 
-0.404967 -0.523020 1.431765 0.568214 1.216715 1.848509 -0.058950 1.115388 -0.108093 0.081654 -0.062084 -0.663165 0.970956 0.471230 -0.046186 -0.871704 -0.025874 0.848404 -0.569354 1.007430 
-0.160180 1.595304 1.202742 -0.500214 -2.266227 -0.487450 -1.342411 0.682444 -0.742389 0.192731 -0.130750 -1.253958 -0.659351 1.436673 -0.334012 -0.029653 -0.847197 -0.369562 2.554066 -2.460898 
0.166169 -1.439334 1.377465 0.079510 -1.235817 0.834953 -0.405415 0.532214 -0.839283 0.567985 0.817411 0.166107 -0.692330 0.775885 -1.239058 1.664870 0.291233 -0.905173 1.498617 -0.718217 
-0.842298 1.359676 -0.210067 -1.293504 -1.384253 1.445698 -0.138292 -1.087100 -1.176292 -0.809614 0.311524 1.120103 1.745496 -0.271737 -0.824772 -0.085126 -2.426374 -1.309040 0.390936 2.988404 
-0.169264 1.571766 -0.181540 -0.766368 -0.047713 0.542005 -0.699505 0.141432 -2.257620 -1.315188 0.625680 -1.199653 0.683580 0.015768 0.204606 0.121141 0.788340 1.392471 -1.747935 0.315193 
-0.050732 -0.707995 0.315661 -1.462192 -0.334862 -0.253306 0.511015 1.786701 0.174505 1.744576 -0.808764 1.261703 -0.218900 0.965345 -1.525046 0.015999 -0.889875 -0.474592 1.318797 0.831908 
-0.969798 -1.049005 0.812439 1.112850 -0.325783 0.636175 1.107466 -0.726572 -0.276276 -1.822628 -0.873651 -0.190638 -0.121558 -1.320590 0.595844 0.310393 0.938436 0.729834 -0.311276 -0.017744 
-0.760298 1.169366 -0.334075 -1.150349 -0.140374 -0.031146 0.527432 -0.770193 0.073852 0.067425 0.981793 -1.684282 -1.291908 1.247029 1.085310 -0.201505 0.474182 1.737684 -0.018932 -1.059011 
-0.587229 1.543831 -0.796748 -1.293699 -0.602477 0.366673 0.178351 -0.517485 -1.582358 -0.858070 0.121030 -1.026204 1.172357 0.425096 -1.067065 -0.215876 1.520971 1.227246 -1.369451 -1.221201 
1.882329 -0.053117 0.421372 -0.817675 0.296940 -1.461232 -0.065778 0.457857 -0.552145 -1.378106 0.764988 0.131601 -0.218092 -0.052403 2.066041 -1.167519 1.563883 -0.202173 0.905716 0.071236 
-0.858916 -0.105622 -0.434049 -1.088221 0.221977 0.243248 -0.130898 0.870813 0.637181 -0.588840 1.523277 1.802062 -0.804985 1.317638 0.544300 1.028427 -0.915239 -0.515693 -2.042353 1.443546 
1.182060 1.600464 -1.025372 1.632111 0.455814 1.132885 0.157937 -0.851685 0.393323 0.486010 -1.481115 1.083598 -2.545203 -0.365341 0.564074 -0.233855 1.509835 0.092913 0.693272 -0.487819 
-0.341754 -0.964010 -0.167941 -0.765067 0.204565 2.366293 -0.430430 0.919929 1.494600 -0.160226 -0.313813 -0.703860 -0.223292 0.629660 1.525341 0.138931 0.001104 0.584601 1.149626 0.052285 
-1.210843 -0.201001 -0.823290 -0.280433 -0.932749 0.116334 -0.487114 -1.265933 -0.262589 -0.736523 -1.255400 -2.552716 -0.561228 -0.423096 0.268385 0.413570 0.207184 -0.954985 -1.045268 0.665519 
-0.674688 0.734578 -0.843976 2.407500 0.058512 -1.403832 -0.830452 2.028528 -0.448705 0.055004 -1.805802 0.100027 0.000177 0.818810 0.270828 0.277924 -1.261226 1.365557 -0.562433 -1.094101 
-0.588351 -0.922477 -1.781078 -0.005770 -0.864259 -1.704017 -0.837930 -0.694816 -0.599977 1.471914 0.909073 0.996800 1.342423 1.825047 -0.337717 0.197187 1.118369 -1.043645 -0.008368 -0.394131 
-0.652385 0.511897 2.232323 0.517238 -1.385256 -1.685756 -0.792134 -0.825027 1.030815 1.059424 1.567864 -0.351763 -0.698991 0.078487 -0.033798 -0.270984 0.788801 1.713903 0.279257 0.927965 
1.385187 -1.167979 0.830122 -0.140833 0.661183 -0.761638 -1.144766 -0.121488 -1.520394 -0.647616 -0.253665 2.237071 1.067147 0.605499 2.420518 0.266744 0.520145 -0.235331 1.374243 0.551523 
0.000093 -0.011441 -1.495873 0.307457 0.908796 -2.285796 -1.318938 -0.696076 2.889984 -2.217000 -0.276817 1.141914 -0.181429 -0.699667 -0.698553 0.734432 -0.385973 0.371334 2.148517 -0.881655 
-0.919743 -0.309268 0.741638 -0.865273 0.348416 0.204778 -0.416454 0.573117 1.216881 -0.069631 1.666041 1.821570 0.210473 0.105753 0.667717 -0.004259 0.065982 -1.335058 -2.158439 2.613324 
-0.626737 1.227541 1.959206 -0.052746 -1.476581 -0.445434 -1.123082 -0.369998 1.392946 0.475967 0.910733 -0.403037 -0.646654 0.866750 0.852787 -0.457211 -1.313138 0.507068 1.972884 -0.574410 
0.777423 -1.313902 0.392133 -0.168422 0.099738 0.291839 -0.432414 -1.202719 0.500381 2.830583 0.911027 -0.388679 1.382282 1.627668 -1.153529 0.311458 -0.400761 -0.332768 -0.499060 -0.376656 
-0.525557 1.628400 -0.217488 -1.471074 -1.284374 1.153811 -0.192159 -0.027434 -1.406895 -0.103391 -0.045958 0.075030 1.017547 0.555182 -0.194909 0.469117 -0.252969 1.144399 -0.193780 -0.332683 
0.563602 -0.499211 -0.254895 -0.464458 1.439770 1.239000 0.533955 -0.486004 1.333080 0.399567 1.474417 0.021820 0.673404 -0.518626 -1.297430 0.835440 -0.847468 -0.155929 1.773403 0.065433 
-0.337606 1.118453 0.402365 -1.458341 -0.732273 -0.361421 0.549553 -0.438143 -1.270095 0.166444 0.610030 0.167336 -1.769068 -0.580118 -0.075221 1.061293 0.286215 -1.065913 -0.929394 -2.008995 
