119
0.088303 -2.074744 -0.178713 -0.265567 -1.944282 1.305881 -0.567564 0.483453 0.766201 -0.353991 -1.220824 -2.117675 0.865131 -1.443409 1.055673 0.070251 -0.170926 1.052102 0.354915 1.347056 
-0.665695 0.871029 -0.733540 1.169244 0.391899 -1.086234 -1.153005 2.252078 -0.374276 -1.230655 -0.570707 -0.717411 -0.836963 0.160038 -0.309444 0.159627 -0.144670 0.274382 0.265749 -0.311865 
-0.267642 -1.016527 1.076149 0.130541 -0.311390 -0.678883 2.451119 0.730789 -0.614628 0.049072 -1.145469 2.015505 0.546555 1.237075 -0.927441 2.142812 -1.050896 -0.628913 1.545087 -0.168765 
0.227087 -1.499218 1.379897 0.096049 -1.141684 0.892587 -0.357170 0.573158 -0.914753 0.560692 0.841493 0.275748 -0.719601 0.781781 -1.160206 1.944744 0.296782 -0.869044 1.360393 -0.633481 
-1.144812 1.638396 -0.326082 0.398462 -1.100371 -0.335603 -1.377013 -1.231922 0.332788 -1.649936 -1.315580 0.230406 0.741965 1.662967 -0.024651 -1.536394 -2.192340 -0.135012 2.488132 0.469486 
-0.731908 -1.093728 0.578940 1.840733 -0.362379 -0.726506 0.893876 -1.703201 -2.093614 0.583594 -0.393161 0.215072 -0.442631 -0.079069 -1.344558 0.977259 0.795503 0.591846 -0.068125 1.237582 
1.490655 -1.677801 0.182127 -0.322284 0.263708 -0.166643 -1.647726 -0.884531 -0.055904 0.515242 -0.860296 0.653098 0.214713 -1.151974 -1.616157 0.344798 -1.757098 2.014626 -0.141899 0.207962 
-0.642125 -0.172803 0.737547 1.229393 0.682940 0.662186 2.138252 -0.139682 -1.985060 0.024787 1.243557 -0.630797 1.337755 0.374602 0.424473 0.224279 -0.129901 1.143835 1.321645 -0.192549 
0.047519 0.313412 -0.536498 -0.924230 -0.652990 0.382860 0.341668 2.150482 -1.325652 0.044108 0.277635 -0.317161 -1.362768 0.746342 -0.619261 0.276674 0.430344 0.152631 -0.700639 -0.674162 
-0.707100 1.135486 -0.347281 -1.113917 -0.120500 0.013118 0.559056 -0.727581 -0.001034 0.088635 1.009326 -1.588906 -1.329079 1.282473 1.128444 -0.137831 0.477937 1.773419 -0.039905 -0.922493 
-0.867873 -0.357888 0.738260 -0.833452 0.335155 0.252684 -0.368012 0.614008 1.142726 -0.040617 1.707935 1.943972 0.198112 0.069622 0.717269 0.082265 0.073740 -1.298865 -2.014106 2.191835 
0.028704 0.600728 2.040598 0.092219 1.837786 0.572760 -1.726426 -0.982637 -1.420291 -0.780562 -0.237254 -0.660734 -0.236948 0.619276 1.656506 0.253150 -0.720242 0.493705 0.753116 1.617098 
-1.037178 0.411627 -1.111708 0.794578 0.488835 -0.100228 0.280065 1.734201 0.041960 0.936913 1.725074 -0.597978 -0.620803 -0.903388 -0.098588 -1.672704 0.629811 1.313447 1.317975 0.101728 
0.036746 0.196341 1.186642 0.079966 -0.437971 0.602083 1.105779 2.388529 0.938787 0.997897 0.078638 -0.055028 1.480605 -1.065460 0.265331 -1.028824 2.009172 3.616806 -0.069550 0.068717 
0.008379 -0.760589 0.308391 -1.420716 -0.301804 -0.212471 0.542932 1.826039 0.099684 1.670285 -0.818813 1.379789 -0.238352 0.983124 -1.441799 0.104869 -0.872744 -0.438527 1.194467 0.681103 
0.070928 0.038555 1.278055 -1.535622 0.313932 -1.373299 2.414897 -0.361486 0.653474 0.611905 -1.171279 -0.357399 0.858020 -1.056482 -1.687953 0.710046 -1.325521 -1.110291 0.212245 0.187787 
-0.889617 -0.978433 1.505515 0.664692 0.405617 1.388428 0.413017 0.525527 -0.459712 0.562434 -2.380997 -1.575476 0.548785 -0.899747 0.579704 0.451964 0.077105 -0.629135 -1.289886 -1.366925 
-1.038733 -0.409919 1.276828 0.675728 0.759860 0.345646 0.534470 -0.272142 0.122736 0.143381 0.526880 0.341317 1.318066 -1.194758 -0.328166 -0.630915 0.417377 0.114533 -1.309800 2.205318 
-0.132137 -1.566306 -1.410146 -0.567095 -0.654864 1.016518 -0.229343 -0.373897 1.854786 -1.469520 -0.865922 -0.831811 -0.362037 -0.518215 0.796098 -1.024607 0.188366 -0.260345 -0.063490 1.732757 
-0.507840 -0.335218 -0.734042 -0.542253 2.220891 -1.423776 1.560041 -1.284295 0.916466 0.476757 -1.628045 1.003465 1.181826 0.382482 0.025362 0.989444 1.410347 0.535718 2.208741 -1.293427 
-0.844489 -0.395166 -0.326669 -1.683871 -0.681205 -0.688550 0.460600 0.903752 1.119906 -1.976095 0.060444 -0.229705 -0.271545 0.392423 2.414016 1.868092 0.076883 0.911585 -0.038584 0.414234 
-0.933380 -0.673106 0.651666 1.652380 0.338557 1.158017 1.410508 -0.433509 -0.769291 -0.663970 -0.258792 -0.816275 0.540523 0.073057 1.820155 0.252655 -1.495090 0.066887 0.115650 -1.057925 
-0.832394 -0.639316 1.509140 -0.240179 -0.361471 -1.216664 -1.403928 -0.149160 0.568602 -0.550950 1.133778 -0.209914 -0.141254 -0.758982 -0.612361 -0.910609 -0.400199 -0.977038 0.354076 -1.305944 
-1.217861 0.224835 -1.019822 0.139347 0.424275 -0.146482 0.457914 0.798539 -0.157938 0.711487 1.656927 -0.136532 -0.221374 -1.562576 -0.588432 -0.543517 0.864077 0.363873 0.622192 0.357130 
-0.580078 -0.375971 -1.351917 -1.039184 0.511284 -1.292247 1.926085 -0.187728 1.576975 -0.298896 -0.489874 0.719836 -0.584862 -0.633884 -0.398335 0.031990 -0.610085 0.313330 0.400575 0.344508 
-0.601515 0.996960 1.645046 -0.451444 -1.960310 -0.629508 -0.684848 -1.361100 1.125460 0.984294 1.760119 1.305497 -1.390686 -1.856801 1.215078 -0.122313 1.658357 0.324725 0.838576 -0.006896 
-0.527771 0.987710 -0.437624 -0.982028 1.287195 -1.253511 -0.872198 -0.778737 -1.313188 -1.508726 -0.375722 -1.225419 -2.091544 -0.058682 0.632361 1.652409 0.085288 1.144414 0.542728 0.830690 
-0.323837 -0.954794 1.972992 -0.151577 -0.206891 0.712669 -0.231698 0.874119 -0.803312 0.323866 1.040452 0.489241 -1.053581 0.954574 -0.211857 -0.133381 0.061087 -0.210467 -0.071210 -0.231211 
-0.080433 -0.413905 0.323133 -0.294733 2.588272 0.208141 1.174182 -1.421061 1.241429 0.607684 -0.555937 0.018871 0.567783 0.694285 -0.843244 -1.157822 0.186818 0.050872 0.244053 0.248680 
-0.536418 2.039659 -0.670883 -0.178434 -0.936682 0.426820 -0.492427 0.384219 -1.986858 -0.973938 -1.914525 -0.674072 -0.142586 -0.194445 0.351309 -0.982536 0.965160 -0.393985 0.059181 1.362407 
-0.964630 -0.736963 0.868165 -0.086743 0.098426 -0.397221 -0.536926 0.164674 -0.296451 1.178905 -0.017075 -0.034789 -0.323733 0.251091 -2.114604 -0.449204 1.178778 -1.459293 -0.922441 1.046305 
1.053073 -0.866447 -1.011022 -0.938933 -0.489890 0.309050 0.034941 0.433496 1.447784 0.422354 0.147616 0.754268 -1.498252 0.149300 -1.884135 -1.314805 -1.626559 0.094845 0.735996 -1.247502 
1.251443 1.570881 -1.044895 1.623536 0.435273 1.195119 0.196144 -0.808969 0.318642 0.483385 -1.505277 1.200311 -2.603072 -0.431015 0.615218 -0.173928 1.503433 0.128894 0.617272 -0.438093 
1.851226 0.537124 -0.221667 1.012693 -0.580910 -0.916587 -0.482039 -0.013108 -1.021726 0.087880 0.556525 -0.843631 0.897337 0.674303 -0.368654 0.951655 -0.294203 -1.350781 1.393815 0.902171 
-0.307932 -0.901292 1.461368 0.812532 0.634489 -0.139652 -0.166796 -1.303534 -1.611630 0.831335 0.114650 0.295250 -0.810099 -1.452858 -2.430809 -0.371526 1.276730 -0.496247 0.299338 0.561144 
-0.036485 0.085063 -1.351238 0.483885 0.048450 0.806013 -0.838464 1.820934 -1.882676 2.027285 -0.193167 -0.264994 -0.591879 1.472477 -1.088170 0.010324 1.222437 2.034607 -1.502944 0.041139 
-0.685280 -1.550325 1.483718 0.493044 -0.406382 0.975980 -0.447615 -0.350804 -0.172526 0.040216 -1.039340 -1.629627 -0.410265 0.103423 -0.484340 -1.079278 0.902083 -0.979442 -0.699314 0.500172 
-0.867873 -0.357888 0.738260 -0.833452 0.335155 0.252684 -0.368012 0.614008 1.142726 -0.040617 1.707935 1.943972 0.198112 0.069622 0.717269 0.082265 0.073740 -1.298865 -2.014106 2.191835 
0.559264 1.025706 -0.402943 1.151688 1.620748 1.992659 -0.973898 -0.345290 0.153615 -0.082786 -0.670237 -0.384727 -0.180886 -0.372812 0.723549 -0.226784 0.797572 0.053507 0.886476 1.006444 
-0.278315 0.152014 -1.474640 -0.144284 2.388674 0.375515 -0.496033 -0.552440 -0.008871 -0.041356 0.162417 -0.096224 -1.277988 0.595774 -0.603960 -0.377374 0.869834 1.805814 -0.416678 -0.530713 
1.902995 0.488282 1.046267 -0.058534 -0.368240 -1.384836 0.379343 -0.527612 -0.636299 0.090800 -0.234944 -0.661126 0.905051 1.409305 0.388915 -2.460132 -0.053495 -1.418104 -0.291402 -0.590723 
-0.716217 -1.091008 0.957307 1.119268 -0.120559 1.688524 1.684632 0.713888 -0.602232 -1.075643 -1.326706 -0.235356 1.155062 0.993714 2.064591 1.858954 0.893505 0.893624 0.782353 -0.982120 
-0.720264 -1.143609 1.441425 -0.918872 -0.638222 0.100858 -1.363607 0.719671 0.095730 0.634179 -0.594124 0.097326 -1.208299 0.697430 -0.928415 0.354257 1.012079 -1.025971 -0.479215 -0.631751 
-1.176581 0.487636 -0.093156 1.476075 -0.483759 -1.171696 -0.519826 0.302882 2.087194 0.380333 0.490966 1.318623 -0.241273 0.405398 -1.207551 -0.044387 0.344576 0.914134 0.032912 0.211926 
0.938969 0.476836 -1.653101 0.982841 0.755231 0.684694 0.834798 1.001355 1.086157 -0.760411 1.294957 -0.625212 0.519689 0.740952 -0.156519 1.553072 0.047871 -0.655205 -1.031078 -1.644760 
0.092589 -0.125993 1.311125 -0.301879 2.612578 0.521309 0.094948 -2.382750 0.851878 0.422109 0.850666 -0.942340 0.563498 1.144048 0.224353 -1.233399 -0.126598 -0.239122 -1.024089 0.519655 
-1.272651 -0.595862 -0.748803 0.133446 -0.041240 -0.420386 -0.590163 -0.316529 -0.360993 1.143013 -0.947641 -1.026010 -0.290907 -0.756598 -0.341649 0.197640 -0.430386 0.216134 -2.331351 0.802275 
-0.094291 -1.212223 -1.958245 0.600440 -1.073775 -1.079891 -0.578115 -1.644266 -0.503579 0.796739 1.390829 1.187910 0.840829 1.847113 0.155391 0.707314 1.601954 -2.112063 -1.013658 -0.784316 
-0.285068 -1.019156 -0.179630 -0.734867 0.201056 2.447567 -0.381739 0.960377 1.420622 -0.126053 -0.313474 -0.600927 -0.242817 0.626386 1.561714 0.242041 0.009498 0.620508 1.038366 0.019943 
1.344022 1.897144 1.378424 0.419946 0.397974 0.342129 -1.659607 -0.769193 0.933736 0.224210 0.281536 -1.558990 1.703855 1.425925 0.809906 2.046270 0.281763 1.155364 0.212845 -0.871327 
-0.536204 -1.761979 -0.800158 1.381628 -2.023044 -0.377365 0.836074 -1.771882 -0.900904 0.191238 -1.286669 -0.565758 -0.741263 -1.552533 1.112640 1.078086 -0.995214 0.208841 -2.489969 -0.417965 
-0.978004 1.070690 -0.185575 0.439631 -1.011583 -0.194430 -0.368334 1.208646 1.794298 0.681464 0.186467 2.357851 -0.780181 -0.795852 -0.526762 0.867141 0.351093 0.135977 -1.447379 1.371811 
1.855320 0.374376 1.302413 -0.250670 -0.234941 -1.033281 0.741839 -0.161894 0.074215 -1.026620 0.099842 -0.872003 -0.466457 0.497879 0.007467 -1.779053 -0.724458 -0.558287 -0.421835 -1.029688 
0.203338 0.234395 1.284606 -0.883825 -0.708078 0.000153 1.836883 1.581450 1.994366 1.831760 -1.004852 2.035585 1.765206 -3.038821 -0.024767 1.022020 3.035882 1.269803 -0.395047 0.505517 
-0.885087 -0.163929 1.197788 1.369932 0.568443 -1.846474 -1.026043 0.498340 0.111815 -0.905432 -0.570608 -0.826882 0.194055 0.855211 -1.118372 -1.039314 -0.076417 -0.695486 -0.637124 0.869828 
1.573206 0.823638 -1.217706 1.585992 -0.747006 -0.752348 1.881081 -0.755079 0.276619 0.550713 -0.109182 -1.154442 -0.915273 1.015053 -0.328039 -0.184138 0.168933 0.992630 -0.439650 0.532582 
-0.501279 -1.811049 0.192921 0.651141 -1.130530 0.685829 -0.368050 -1.216778 -0.220565 0.112279 -0.656798 -2.331906 -0.724596 -0.060947 -0.001581 -0.101938 0.263951 -0.017116 -1.272342 0.706338 
1.456263 -1.225158 0.827553 -0.120730 0.626720 -0.728651 -1.083348 -0.079707 -1.596298 -0.585690 -0.252063 2.362676 1.068932 0.600710 2.443134 0.384660 0.523449 -0.199301 1.245629 0.443323 
-0.150955 -1.301560 0.152710 -0.716425 0.424010 2.071348 -0.428075 -0.257270 2.082414 -0.950356 -0.865260 -1.095797 0.333824 -0.112578 1.219049 0.080298 0.939635 -1.640557 0.549772 -1.256209 
0.348799 0.011769 1.759639 -0.946875 -1.046301 0.080893 1.000668 2.633406 1.304867 -0.448839 0.568441 -0.986596 1.974701 -0.758992 1.476245 0.681043 0.728686 0.940276 -0.725955 0.060006 
-0.345142 -0.715421 -0.209816 0.819750 -0.326565 0.954318 1.880887 0.004841 -0.996056 -0.913249 1.742362 1.477278 -1.660339 0.902346 0.500645 -1.486566 -0.426541 1.565126 -0.024207 0.704424 
-0.101982 1.565669 1.203577 -0.474298 -2.102244 -0.450230 -1.277472 0.723196 -0.817796 0.206806 -0.126569 -1.155265 -0.686077 1.484010 -0.269067 0.053928 -0.830484 -0.333513 2.334295 -2.111364 
-0.716130 -1.091958 -0.104192 1.329500 -0.833757 0.918208 0.829731 -1.121790 -0.356888 -0.928367 0.646154 -1.652447 -0.696515 -1.773818 1.019564 -0.219518 -0.872393 -1.440750 -1.571141 -0.129294 
-1.068524 -0.856434 -1.763507 0.296703 -0.473185 -1.664265 -0.802650 -0.319073 -2.085651 3.678462 0.699738 -0.504945 1.416786 -1.142988 2.267266 -0.616522 -1.412176 -0.486063 0.378715 -1.565038 
0.907066 2.037670 0.029086 1.973439 -0.525211 2.255649 -0.747554 -0.342195 0.361341 0.244566 -1.603518 3.598558 -0.739123 -1.752780 1.192806 -1.235018 -0.030372 -1.544110 -0.834391 -0.611557 
-0.029310 -0.194094 1.248835 -0.510192 0.368187 0.048439 3.191697 -0.106759 0.146421 0.245715 -1.656475 0.959150 0.924288 -0.596483 -1.037595 1.598496 -1.965975 -1.399865 1.467656 -0.593382 
0.627831 -0.549724 -0.267378 -0.439120 1.352527 1.302872 0.565463 -0.443756 1.258998 0.401864 1.512289 0.130348 0.668687 -0.593914 -1.217681 1.019233 -0.830752 -0.119911 1.613949 0.031093 
-0.532589 1.513683 -0.814182 -1.254948 -0.551278 0.417078 0.216195 -0.475197 -1.658302 -0.784161 0.130496 -0.925755 1.175880 0.408993 -0.990856 -0.153867 1.514461 1.263058 -1.286078 -1.060038 
0.185562 -2.243908 -0.940416 0.303397 -2.095848 -0.131691 0.487267 -1.724569 1.128984 -0.477318 -0.478470 -1.477726 0.489400 -0.994033 0.552894 0.809365 -0.074967 -0.142254 -0.376570 0.411670 
-0.172850 -1.758749 0.369457 0.804413 -1.433311 1.217402 1.497888 0.311218 -0.891002 -1.015748 -1.580263 0.422739 -1.112764 1.013120 0.787145 -0.487450 1.009258 1.781223 2.266911 0.522136 
-0.533721 -0.977210 -1.807506 0.012149 -0.795314 -1.685577 -0.781979 -0.652300 -0.675293 1.413149 0.935079 1.112844 1.348755 1.896741 -0.272715 0.307046 1.115806 -1.007495 -0.030157 -0.358641 
-1.182119 0.188703 -1.048086 0.318640 0.611714 -0.293083 0.238068 0.910800 -0.069624 0.058371 1.331359 -0.303113 -0.601275 -0.561356 -0.596318 -1.123310 0.351422 -0.036838 0.475324 0.577648 
0.792595 0.057447 -2.084488 -0.259899 0.788250 -0.023149 -0.479247 2.026764 0.213210 -1.857849 0.323486 0.865913 1.964824 -0.253870 0.946821 0.572978 1.171014 -0.525503 -0.295801 -0.394493 
-1.424544 -0.250966 -1.209549 0.133806 0.348316 -0.098488 0.143293 0.165428 -0.334908 0.934433 0.547839 -1.339324 -0.323478 -2.508300 1.178394 0.141126 -0.550745 -1.512866 -0.313340 -0.205930 
-0.706744 0.158605 -1.184369 0.443027 2.074834 -0.322808 -1.198063 0.003931 -1.005401 -1.094033 0.083340 0.547478 -0.555047 0.137255 0.402134 1.428873 1.127584 -0.426127 0.858952 0.663966 
-1.071227 0.046049 0.477807 2.235728 -0.724809 -1.055756 0.010905 -0.321837 1.683316 -0.538117 -0.588344 0.558354 -0.393242 -0.525782 -1.133144 -0.616788 -0.058720 0.881343 -0.824369 -0.254694 
-0.750764 -0.479979 1.641797 0.264809 1.072731 0.986445 0.510151 0.507171 -0.111600 0.598142 0.418598 -0.019449 0.895086 0.412693 -0.887614 -0.751722 -0.425725 -0.437459 -0.461609 1.115794 
0.059627 -0.057092 -1.519695 0.320309 0.857548 -2.276337 -1.254417 -0.653559 2.816898 -2.065710 -0.275701 1.259076 -0.200262 -0.786309 -0.628006 0.906525 -0.373783 0.407273 1.960080 -0.772085 
-1.161399 -0.248541 -0.840967 -0.258072 -0.859161 0.162875 -0.437414 -1.222687 -0.337690 -0.669534 -1.274823 -2.464034 -0.586333 -0.492393 0.324073 0.548494 0.213557 -0.918848 -0.986943 0.539997 
-0.489121 -1.646210 0.064149 -0.967955 -0.872706 0.796326 -0.652865 1.078382 1.318780 -0.124187 -2.447153 -0.813846 0.778811 -0.742923 -0.053014 0.982377 0.268809 0.713173 0.264218 0.237743 
-0.557421 -0.785123 0.712911 0.276830 -1.203140 -0.910362 0.664767 -0.772725 -1.670331 -1.742441 2.802298 1.194072 -1.295005 0.142931 0.602128 0.082194 -0.034458 0.758767 1.401422 -1.145266 
-1.037516 0.352163 -0.186178 -0.599098 0.373183 -0.047280 0.596556 1.038828 -0.938089 1.292325 1.641924 -0.643473 -0.185717 -2.522824 -0.800185 -0.822779 1.250549 -1.271968 2.328340 0.176348 
1.682082 0.737762 0.994023 -0.159211 0.881515 -0.459858 0.917409 0.394666 0.703322 0.005993 0.368629 -0.860247 0.055436 -1.403473 0.100353 0.058184 -0.051933 -0.314385 -1.446673 0.633058 
-0.986137 1.202487 1.905548 0.181709 -1.354312 -0.623884 -0.718441 -1.554555 0.905369 -0.053464 0.640163 1.479084 1.541406 -0.486316 0.464098 0.342127 0.711984 2.664036 -0.065734 0.109571 
1.491157 -1.557640 -0.342824 -0.142468 0.365503 -0.225658 -1.989945 -0.851422 -0.173043 0.146750 -1.119920 0.437823 -0.506881 -1.824872 -1.216144 0.842509 -1.774725 1.762192 -1.243444 0.680072 
0.247611 1.541351 0.214752 -1.837001 1.133935 0.934161 -0.748156 -0.400000 -1.563995 0.332577 -1.620056 -0.253590 -3.638143 0.807533 1.682190 0.047230 0.130414 0.388415 0.849108 0.432974 
-0.789783 1.327692 -0.222141 -1.254756 -1.280058 1.512760 -0.094806 -1.044082 -1.251977 -0.738464 0.324988 1.237098 1.758484 -0.331542 -0.752286 -0.007971 -2.394175 -1.272851 0.338296 2.509922 
-0.111141 1.541897 -0.193353 -0.736147 -0.034120 0.595117 -0.646020 0.182877 -2.333996 -1.215250 0.645738 -1.100541 0.679031 -0.026005 0.261274 0.222191 0.789014 1.428258 -1.635319 0.242902 
-0.760696 1.342965 -0.276420 -1.376938 -1.407645 1.405256 -0.230445 0.027194 -1.645275 -0.608038 -0.986368 0.525847 1.833679 0.054341 -1.131082 0.755935 -1.013768 0.529490 -0.180124 0.276948 
0.717649 0.295759 -1.785445 -0.545953 2.168653 0.714196 -0.208700 1.023027 0.391615 -0.565410 -0.386310 0.406153 0.167909 -0.098425 -0.247640 0.116727 1.596209 1.168726 -0.828618 -0.669232 
0.827811 0.757993 -1.208554 -0.038865 0.106706 0.184776 0.211307 2.439813 0.240191 -0.768826 0.407715 -0.188324 0.661393 0.375385 0.378276 3.031873 -0.518317 -0.100525 -0.932469 0.137755 
0.914828 -0.986348 0.730457 -0.155999 0.679846 0.382308 -1.199680 -0.112685 -0.719386 1.905159 1.038382 1.269427 0.892176 2.525711 0.513604 0.304759 1.524484 -0.704671 -0.526537 0.110675 
-0.972637 0.136396 -0.628898 -0.680458 0.238096 0.587479 -0.029537 0.499806 -0.044312 -0.041528 1.001289 1.198773 -0.076550 0.996662 -0.641837 0.790447 -0.670100 0.238876 -1.197926 1.042135 
-0.598288 0.471463 2.242565 0.526696 -1.280993 -1.667034 -0.736999 -0.782344 0.956540 1.024148 1.607697 -0.246115 -0.726371 0.040647 0.026533 -0.215358 0.789471 1.749642 0.235245 0.762565 
-1.151419 -0.701112 -1.672493 0.525021 -0.672620 -1.464686 -1.053265 -0.447369 -1.378602 4.010841 -0.302542 0.121718 1.293378 -1.366206 2.709943 -0.497984 -1.327340 0.521666 -0.572969 -1.360080 
0.992291 0.013091 -1.212990 -0.445245 1.319051 0.637266 -0.765010 1.651827 1.143820 -1.077134 0.528276 0.735747 0.209425 -0.140503 -0.095821 0.557346 -1.341105 -1.233203 -0.147538 -0.659851 
-0.611938 -0.179196 1.925557 0.538342 -0.689710 -1.225554 -1.293796 0.262651 1.488708 0.234679 1.472627 -0.434228 -1.189813 0.087120 -0.400465 -0.680999 -0.609320 -0.344868 0.831902 -1.725980 
1.721699 -0.470925 -0.370887 -0.011176 0.123644 -0.342698 1.888133 0.295398 -1.035295 -1.228795 -0.367849 0.737893 0.575418 0.069180 1.159222 -2.427194 1.147816 -0.563412 0.969130 -0.617922 
0.843434 -1.372536 0.385561 -0.147873 0.103335 0.341089 -0.383689 -1.159554 0.425768 2.694453 0.937074 -0.283316 1.389272 1.686984 -1.075991 0.434553 -0.388426 -0.296724 -0.482937 -0.343820 
-0.766133 -1.216479 -1.579731 -0.517697 -1.131531 -1.858474 -0.180027 0.191909 -0.858213 0.659890 -1.400012 1.142407 0.414719 1.885469 0.823803 -1.367164 2.197057 0.600583 0.710931 1.180998 
-0.293791 -0.615317 0.510118 1.540456 0.280319 1.355718 2.010422 -0.276201 -1.497837 0.404979 0.861205 0.911387 -0.695935 1.768292 -0.134382 0.608579 -0.926155 1.196129 0.816950 0.246974 
-0.287880 0.240783 0.555722 -0.029912 1.011790 1.967049 0.435348 -0.859882 -0.518490 0.164371 1.077197 -0.851505 1.325508 0.892138 -0.993564 0.413405 0.520369 0.986085 2.081830 1.022293 
-0.585707 -0.337121 1.288455 2.296948 0.365193 -1.109022 0.044268 -0.086294 -1.326071 -1.567395 -1.344024 -0.240306 -0.099253 -1.997096 -0.382939 0.353310 -0.788624 -1.360194 -0.179221 -0.298576 
0.091847 0.222759 1.867442 1.052371 -0.748252 -1.499250 -1.314198 1.466426 -0.339258 -1.113887 0.590007 -1.912935 0.076607 -1.930213 0.288019 -0.494481 0.899067 -2.986256 -0.218191 -0.977165 
-0.442008 0.931072 0.521805 -2.498788 0.205424 -1.512657 1.271191 -0.492813 0.355931 0.807473 -0.765419 -0.250068 -1.871204 0.052878 0.659347 -0.607891 0.159230 -0.595740 -1.338605 -0.221317 
-0.347545 1.362983 0.246888 -2.609206 -0.364298 -0.589569 1.113082 -0.855753 -0.010292 0.671880 -1.485994 -0.059874 -2.510420 0.338395 1.013644 0.124390 -0.267088 -0.661910 0.202203 -0.025170 
-0.694429 1.711932 1.477998 -0.758240 -2.169235 -0.200582 -0.814341 -1.501470 0.497614 0.215236 1.125292 1.234735 0.429620 -1.260815 0.933436 0.325420 -0.149799 1.458046 1.402214 0.691840 
-0.538385 -1.277535 1.251555 -0.278316 -0.959077 -0.284369 -0.747662 0.107839 -0.486470 0.069119 0.529151 0.443902 -1.730190 -0.088097 -1.882490 -0.296021 1.240898 -0.919990 -0.736172 -1.514709 
1.463565 -1.359967 0.817694 -0.139841 0.465410 -0.635189 -1.321961 -0.206883 -1.503157 -0.709860 -0.620332 2.164988 0.804194 0.342209 2.253777 0.325079 0.535389 0.104656 1.176002 0.267198 
-1.063090 -1.225536 -1.414547 0.288173 -1.232167 -0.567540 -1.086651 -0.504885 -1.038641 1.354534 -1.554762 -0.932449 -0.035149 1.271323 0.623935 0.717251 2.562782 -0.405406 -0.697792 0.583333 
1.032449 0.488481 -0.848698 0.666240 0.370994 1.407717 1.011069 -0.646947 -0.311394 0.712095 1.726540 -0.106701 -1.001305 -0.932587 -0.872379 0.375492 1.859798 1.187977 -0.887778 -0.338405 
-0.266089 -0.765521 1.797266 -0.174689 -0.092831 0.446295 -0.848539 0.916660 1.536831 -0.726845 1.958988 -0.086083 0.724880 1.162451 0.523538 0.036260 -1.449640 -1.747500 0.065117 -0.337085 
-0.736924 -0.304535 -0.159062 -1.211088 -0.807154 -1.252368 -0.188147 -0.013432 -0.383272 -2.043771 2.323525 0.031418 -0.761420 0.465121 0.614848 -0.643310 -1.044281 0.510550 0.005796 -0.692221 
1.644706 -0.986335 0.573221 -0.182930 1.009149 -0.421796 -0.903049 -0.432417 -0.781135 -1.041241 -0.342362 0.714157 0.533787 -1.780047 -1.141449 0.028553 -1.776680 1.517898 -0.325115 -0.770267 
-0.692228 2.128826 -0.148212 -0.137930 -1.811569 -0.512069 -0.107560 0.092925 0.118010 0.006537 -0.077703 -0.816909 0.702794 0.237745 -0.196984 0.162581 0.372426 1.148629 -0.016312 -0.542578 
-0.333458 -0.105534 1.474963 0.271502 1.226216 0.645272 1.432714 1.701892 -0.936659 1.244310 -1.627252 0.123124 0.398053 0.669018 -0.907754 -1.558240 0.242356 0.977642 -0.408982 -0.356948 
1.440090 -1.296490 -1.463370 -0.607910 -0.289639 0.204573 -1.738434 -0.488642 -0.313470 -0.008176 -0.505166 1.028652 -1.101827 -1.097942 -1.752116 -0.186975 -2.018025 2.219899 -0.844565 -1.235469 
-0.029585 0.131462 1.109968 -0.431097 2.309253 0.241825 -2.165718 1.518535 -1.290280 0.107962 -0.358070 0.899230 -0.639147 0.017101 -0.336303 0.971301 0.990895 -0.105824 0.183457 -0.286681 
-0.348808 -0.573771 1.434693 0.576848 1.144594 1.921790 -0.016879 1.155585 -0.183095 0.102053 -0.056461 -0.559917 0.971153 0.458020 0.014336 -0.885665 -0.017215 0.884272 -0.547799 0.829954 
