116
-0.583572 1.227059 0.081830 0.870106 0.747606 -1.378916 -1.333913 1.058800 -0.162578 -1.509244 -0.795504 -1.210336 -0.255534 -0.228781 -0.479460 0.750759 1.184067 -0.737244 -0.406753 0.008708 
-0.477179 1.526068 -0.083312 -1.154663 -1.233835 1.932159 -0.169296 -0.693743 -1.041424 -0.523544 -0.295110 0.781646 1.349307 0.077097 -0.428238 -1.130612 -1.721435 -1.286858 0.226468 0.471035 
-1.215169 0.222528 -0.859963 0.011776 0.590968 -0.066651 0.491461 0.846291 -0.003810 0.853127 1.629986 -0.234619 -0.154185 -1.444936 -0.470165 -0.585953 0.834235 0.235292 0.626593 0.454685 
1.898766 0.519680 -0.080465 0.893754 -0.460872 -0.820572 -0.472697 0.015670 -0.818678 0.163996 0.556033 -0.935036 0.936255 0.710277 -0.252671 0.924916 -0.367504 -1.390662 1.397024 1.054679 
-0.523551 -1.667984 -0.645434 1.266335 -1.969940 -0.292682 0.879359 -1.784221 -0.704699 0.278215 -1.242857 -0.659788 -0.660935 -1.435260 1.213237 1.052673 -1.094817 0.088280 -2.480764 -0.398557 
-1.066392 0.052408 0.602657 2.128877 -0.611450 -0.956816 0.032940 -0.300276 1.733167 -0.527776 -0.561317 0.453702 -0.321709 -0.445994 -1.009219 -0.659993 -0.123186 0.725993 -0.817736 -0.218825 
-0.681855 2.034231 -0.008728 -0.268241 -1.748650 -0.424555 -0.088575 0.124182 0.256510 0.074107 -0.062951 -0.908567 0.746628 0.289657 -0.082784 0.127557 0.324137 0.979453 -0.010926 -0.535734 
0.587924 0.984580 -0.257504 1.034123 1.842973 2.027534 -0.977222 -0.324278 0.290099 -0.024602 -0.641242 -0.480469 -0.114720 -0.298609 0.828187 -0.265895 0.765235 -0.059019 0.890468 1.169465 
-0.882128 -0.922417 1.606343 0.542314 0.571444 1.436001 0.445408 0.566897 -0.288494 0.688414 -2.310882 -1.659966 0.596511 -0.806307 0.685836 0.419978 0.017735 -0.706347 -1.282534 -1.443195 
-0.154887 -1.664910 0.496841 0.683415 -1.352836 1.268570 1.558216 0.347578 -0.695358 -1.055593 -1.529395 0.319368 -1.023048 1.036725 0.891122 -0.529297 0.984864 1.579322 2.268772 0.636328 
1.725883 -1.125788 0.147945 -0.767752 0.362922 -0.569988 -2.010129 -0.732825 -0.662819 0.002742 -0.086603 -0.059826 -0.504982 -1.499696 -0.225478 0.215908 -2.168435 1.914053 -1.364130 0.633813 
-0.966361 0.138376 -0.478177 -0.816131 0.396147 0.651885 -0.008542 0.540575 0.103381 0.020991 0.990107 1.088069 -0.013021 1.020868 -0.523016 0.762015 -0.757505 0.116761 -1.190716 1.208755 
1.576506 -0.523725 1.236245 0.546074 0.672052 -0.709014 -1.069648 -0.086377 -2.678113 -0.118553 0.941989 1.592137 1.375956 1.774397 2.429882 1.184265 0.740620 -0.551208 -0.472560 -1.499031 
0.080986 -0.045734 -1.348151 0.194527 1.044350 -2.151746 -1.264965 -0.639754 2.802550 -2.215878 -0.256190 1.147803 -0.133606 -0.697009 -0.509328 0.879311 -0.450070 0.276448 1.962415 -0.788382 
-0.456789 1.530177 -0.088242 -1.572530 -1.095040 1.267557 -0.129763 0.043644 -1.253571 -0.013185 -0.026151 0.082853 1.054369 0.587852 -0.018576 0.580154 -0.313428 1.009412 -0.195572 -0.275887 
-0.251065 -0.958664 1.187013 0.002883 -0.178842 -0.587863 2.535994 0.776958 -0.434636 0.121111 -1.105052 1.897084 0.594338 1.252503 -0.805653 2.128577 -1.152588 -0.706136 1.548063 -0.124233 
-0.586542 0.457201 2.326163 0.402954 -1.193448 -1.555248 -0.734223 -0.771550 1.047551 1.198640 1.581939 -0.343166 -0.646420 0.099755 0.138412 -0.254349 0.756830 1.549375 0.240243 0.900997 
-0.075180 -1.144875 -1.776450 0.477426 -0.976613 -0.980444 -0.571248 -1.653622 -0.329876 0.947337 1.370284 1.077309 0.881174 1.840271 0.265932 0.678009 1.599797 -2.112563 -1.006732 -0.801846 
-0.684088 1.637544 1.579468 -0.894682 -2.122917 -0.119614 -0.813556 -1.507487 0.614615 0.304734 1.111129 1.123691 0.480357 -1.154192 1.035894 0.292107 -0.217682 1.272864 1.405410 0.823142 
-0.113579 -1.481796 -1.241163 -0.701649 -0.538259 1.071907 -0.213494 -0.353554 1.894925 -1.557045 -0.832224 -0.923328 -0.291293 -0.438703 0.899983 -1.072093 0.133172 -0.356634 -0.058031 1.969008 
0.768193 -0.086485 1.646676 0.509573 0.207137 0.244113 0.353943 1.071298 -1.481392 -1.211329 1.230081 -0.118349 -0.691101 0.295277 0.626702 -1.275834 -1.501281 0.254663 -0.403344 -1.752243 
-0.746021 -0.699275 1.450337 0.328520 0.890901 0.036231 0.371058 -0.589909 -0.114757 1.495814 0.053954 -0.101166 0.859770 0.456900 -1.122339 -1.017484 0.852479 -0.761001 -0.193051 0.747239 
-0.332136 1.305509 0.377137 -2.763942 -0.234206 -0.500427 1.163501 -0.846675 0.135474 0.809360 -1.437391 -0.158685 -2.385383 0.386633 1.115269 0.088966 -0.339371 -0.737427 0.207252 0.033840 
-0.082984 1.498371 1.311462 -0.607934 -2.052816 -0.364015 -1.288613 0.769187 -0.626298 0.295418 -0.110642 -1.243726 -0.607144 1.490424 -0.154118 0.017764 -0.923907 -0.426017 2.336052 -2.262692 
-0.756840 -1.148925 -1.406784 -0.651762 -1.037049 -1.742664 -0.162908 0.225479 -0.664426 0.796109 -1.353477 1.032236 0.465834 1.877226 0.927400 -1.418245 2.217230 0.459758 0.715195 1.361618 
0.824665 0.063253 -1.899742 -0.391416 0.971836 0.054090 -0.469833 2.103231 0.346318 -1.986176 0.328595 0.758354 1.976764 -0.184009 1.049140 0.542263 1.152688 -0.608076 -0.289983 -0.372720 
-1.147756 -0.658539 -1.497377 0.401262 -0.556838 -1.357152 -1.058634 -0.428744 -1.155343 4.499155 -0.282385 0.021191 1.322287 -1.255735 2.793947 -0.539942 -1.439405 0.384922 -0.566724 -1.435661 
-0.092277 1.475750 -0.052814 -0.872371 0.111296 0.659362 -0.640901 0.216236 -2.056630 -1.276057 0.643101 -1.189519 0.723466 0.035537 0.370714 0.187793 0.756356 1.244617 -1.627434 0.328940 
0.110082 -1.965589 -0.038516 -0.397140 -1.887523 1.355190 -0.560425 0.523840 0.867991 -0.324304 -1.178595 -2.197042 0.904862 -1.330120 1.156861 0.034259 -0.239601 0.887919 0.359728 1.544419 
-0.519884 1.448905 -0.659130 -1.396299 -0.429865 0.485065 0.243517 -0.457222 -1.419203 -0.799672 0.140244 -1.016384 1.207758 0.454654 -0.868409 -0.192212 1.509022 1.087962 -1.278732 -1.105367 
-1.141053 1.567572 -0.182440 0.273452 -1.004443 -0.251798 -1.390718 -1.231638 0.459125 -1.756418 -1.271074 0.128852 0.784809 1.662847 0.087760 -1.589253 -2.336861 -0.237785 2.489652 0.578369 
-0.333417 -0.537369 1.537176 0.453601 1.344718 1.958154 0.004442 1.211685 -0.027542 0.179659 -0.042219 -0.654003 1.008205 0.501891 0.126342 -0.931692 -0.080123 0.728771 -0.541592 0.975181 
1.616683 0.792307 -1.053221 1.472719 -0.634676 -0.659784 1.951276 -0.743647 0.406136 0.675460 -0.093673 -1.242910 -0.830547 1.038587 -0.212477 -0.222801 0.113009 0.831524 -0.433610 0.647826 
0.526049 0.659619 0.623077 -1.218958 0.046859 1.437216 1.525991 0.009073 -0.397147 -0.557389 1.847585 -1.027414 1.941516 0.051758 -0.326056 0.148318 -0.996766 -0.234012 0.675257 -0.310209 
-0.192170 -0.890198 0.253181 -1.660126 -0.910380 -0.404581 -0.666161 1.792589 0.011134 1.756400 -0.566439 1.027575 -0.578081 1.525256 -0.006463 0.294431 0.591462 -1.476148 -0.596270 0.297222 
0.057771 0.195415 1.294923 -0.048192 -0.311299 0.666182 1.156009 2.473453 1.030803 1.169632 0.089632 -0.153885 1.504782 -0.965969 0.374729 -1.076354 2.022295 3.319950 -0.064082 0.137193 
-1.173285 0.472591 0.045042 1.361715 -0.359212 -1.070319 -0.511458 0.339047 2.114172 0.487178 0.492050 1.206787 -0.173581 0.451190 -1.082853 -0.081583 0.295242 0.757088 0.038222 0.294841 
1.126132 0.063114 -1.245584 0.023427 0.229184 0.380672 1.439942 -0.272741 -0.006713 1.052658 1.446066 -0.007679 -0.651294 -0.404395 -1.891295 1.200902 1.865857 1.230216 0.021868 -1.775772 
-0.304325 -0.981599 0.268968 -1.182702 -0.469826 0.581637 -0.600237 2.217340 0.037922 1.577111 -1.015593 0.064935 0.396239 1.258817 -0.218834 -0.420974 0.734667 -0.992651 0.579911 1.569760 
0.154376 -2.000040 -0.568789 0.324353 -1.570471 1.269870 -0.242675 -1.826175 1.176340 -1.002942 0.229551 -1.781280 0.174286 -1.287371 1.695603 -0.643472 0.518163 0.050774 -1.000181 -0.473714 
-0.971807 1.027384 -0.045217 0.315028 -0.911533 -0.113592 -0.356065 1.265986 1.837864 0.819950 0.194870 2.236195 -0.698870 -0.706204 -0.409136 0.839514 0.302003 0.019185 -1.439784 1.571669 
-0.514995 0.948426 -0.291374 -1.120682 1.493938 -1.150415 -0.872904 -0.767858 -1.093634 -1.600369 -0.353806 -1.313216 -1.977093 0.004053 0.737947 1.633025 0.026226 0.975456 0.547251 0.975991 
-0.880074 -0.654946 1.573801 -1.111073 -0.023541 0.426578 -0.210205 1.344779 0.395068 -0.412885 -1.645815 0.082205 0.023103 -0.543353 1.642076 1.398480 1.177535 -1.156570 -0.818066 -1.600526 
1.465686 -1.174192 -0.923248 -1.132095 -0.143700 -0.098425 -1.116019 0.267343 0.429329 0.805670 -1.072251 0.593984 -0.200495 -0.960602 -0.650171 -1.626565 -1.543730 1.296263 0.693061 0.114143 
-0.261894 0.153236 -1.304150 -0.274658 2.646540 0.444375 -0.487052 -0.536271 0.136815 0.021181 0.171398 -0.194692 -1.184096 0.634615 -0.485532 -0.418065 0.840208 1.602642 -0.410674 -0.522674 
1.918305 -0.131695 0.420217 -0.057301 0.071238 -0.559854 1.857070 0.303395 -0.548744 -1.105445 -0.690165 0.411674 1.076774 0.441951 0.863680 -2.324417 0.774644 -1.206672 0.861664 -0.739056 
-0.132672 -1.229882 0.285160 -0.852454 0.590690 2.104569 -0.417344 -0.234201 2.109662 -0.983330 -0.831578 -1.184820 0.386983 -0.047876 1.318540 0.044411 0.912628 -1.665448 0.554284 -1.321317 
1.727150 0.710593 1.106807 -0.289732 1.069429 -0.373442 0.962789 0.432977 0.808673 0.073505 0.372653 -0.951495 0.115630 -1.291641 0.211465 0.022065 -0.116144 -0.407880 -1.439079 0.758433 
-0.860067 -0.331950 0.857023 -0.970638 0.497711 0.324126 -0.355734 0.657447 1.223192 0.021998 1.679768 1.826227 0.254700 0.127673 0.821972 0.046398 0.014244 -1.341432 -2.005636 2.474371 
-0.061120 -0.385252 0.451600 -0.426595 2.855402 0.280519 1.226174 -1.425199 1.316305 0.738418 -0.529689 -0.080684 0.615029 0.729530 -0.722331 -1.206706 0.131565 -0.061517 0.249037 0.335301 
-0.291944 -0.849015 1.563227 0.691614 0.810938 -0.059965 -0.149337 -1.304924 -1.375174 0.985569 0.124779 0.193084 -0.728031 -1.339224 -2.293404 -0.412157 1.262371 -0.580333 0.304237 0.679269 
-0.589816 0.957228 1.742611 -0.584854 -1.904295 -0.539526 -0.680729 -1.363836 1.206904 1.154600 1.730697 1.193784 -1.293946 -1.728420 1.314611 -0.160327 1.658317 0.198169 0.842643 0.053957 
-1.033423 -0.381459 1.383001 0.553458 0.942128 0.415134 0.569988 -0.249420 0.260968 0.225329 0.527101 0.238715 1.346351 -1.090546 -0.212603 -0.674268 0.370775 -0.001149 -1.302417 2.489214 
0.748625 0.290014 -1.607689 -0.680297 2.416307 0.775939 -0.192319 1.076028 0.514619 -0.557937 -0.364140 0.302939 0.225261 -0.034239 -0.132913 0.081222 1.593837 0.998510 -0.821978 -0.675159 
0.778270 0.224357 -2.012712 0.181330 1.206187 0.042571 -0.221573 1.863300 1.335468 -0.746809 0.362592 0.015096 1.069292 1.344198 -0.099945 1.152567 -0.225437 -0.839929 -1.003595 -1.140738 
-0.093216 -1.825850 0.758014 1.059452 -0.989523 0.964357 0.702290 -1.902756 -0.166228 0.574642 -1.035938 -1.039113 -1.018543 1.114056 0.575946 -0.037881 -0.273416 -1.181388 -1.326118 -0.433875 
-0.980059 1.152792 1.997024 0.054556 -1.270170 -0.534021 -0.715187 -1.561813 0.999278 0.007801 0.637661 1.365732 1.564047 -0.407969 0.571432 0.308989 0.676436 2.416468 -0.060272 0.182167 
-1.157882 -0.227904 -0.685289 -0.389571 -0.752038 0.236205 -0.426923 -1.222187 -0.173382 -0.673002 -1.231297 -2.540129 -0.509921 -0.413824 0.432861 0.517522 0.159307 -0.981073 -0.980058 0.655989 
-0.124023 -0.561448 -0.509393 1.302795 0.833535 0.046975 1.526417 -2.189969 -0.339413 -0.629279 2.029536 1.628913 -0.192187 0.530266 -0.288236 1.795634 0.307476 -0.592231 -0.089492 -0.753142 
-0.475780 -1.557827 0.198669 -1.106470 -0.766211 0.856343 -0.647922 1.132677 1.389275 -0.070353 -2.375448 -0.905533 0.820724 -0.655208 0.059691 0.955959 0.216633 0.566523 0.269171 0.323261 
-1.005207 -0.010070 -0.452876 -0.262553 0.716507 0.935783 0.539850 1.286587 -0.531457 1.145258 1.870156 -0.383467 -0.558811 -1.523905 -0.701681 -0.800385 -0.605070 -0.483657 2.495497 0.881174 
-0.246728 0.835709 1.381406 -2.284455 1.624129 -1.081157 0.008471 -1.875612 0.055804 1.002412 -1.035007 -0.570157 -1.287740 0.371345 0.085577 0.128955 0.829642 -0.600671 0.599321 -0.908844 
-0.674440 0.198139 -1.069350 0.315367 2.261813 -0.510693 -1.405379 -0.125966 -0.610450 -1.341829 0.043483 0.542655 -0.397008 -0.305192 0.170241 1.003884 1.601585 -0.582741 0.489141 1.045158 
-0.427979 0.894533 0.645627 -2.652433 0.361959 -1.404115 1.325681 -0.475250 0.480957 0.959199 -0.734137 -0.347082 -1.762320 0.111540 0.764652 -0.651002 0.102942 -0.674680 -1.331177 -0.182083 
0.092453 0.045277 1.384199 -1.679747 0.475503 -1.267686 2.498839 -0.340853 0.761649 0.743082 -1.130242 -0.453398 0.897931 -0.957319 -1.558265 0.680769 -1.437518 -1.162613 0.217278 0.268268 
-0.277596 -0.576901 0.634213 1.426733 0.440330 1.403979 2.083949 -0.253574 -1.267826 0.514414 0.853390 0.803399 -0.616752 1.764327 -0.020832 0.578238 -1.023167 1.024495 0.821049 0.333423 
0.726411 -0.425539 1.126581 -0.969202 -1.050949 0.316132 0.156668 0.940174 -1.432328 -1.114908 2.459738 0.224298 -1.368388 0.051607 0.510396 0.402673 -1.478160 -0.212514 0.806609 -0.564884 
1.290218 1.503330 -0.884450 1.510634 0.602476 1.246755 0.222950 -0.798797 0.445779 0.601059 -1.456211 1.089593 -2.475693 -0.354687 0.720981 -0.212484 1.497581 0.012469 0.621680 -0.420715 
-0.329698 -0.672153 -0.068891 0.698904 -0.194722 1.011015 1.951077 0.034038 -0.794462 -0.942325 1.713367 1.363943 -1.556784 0.929996 0.607599 -1.538902 -0.504807 1.374404 -0.018808 0.836994 
-0.609360 0.671201 -0.705676 2.281021 0.214917 -1.274988 -0.772827 2.144976 -0.349070 0.151886 -1.779745 0.107805 0.046334 0.857784 0.435241 0.364574 -1.349258 1.219099 -0.535216 -0.986712 
-0.555572 0.062149 1.495204 -0.386436 0.833145 0.531257 0.095822 2.251760 -0.533073 1.424928 -0.654676 0.350581 0.803882 -0.153405 -1.367987 -0.411418 0.059555 -0.355968 -0.733234 -1.340643 
-0.494773 -0.310379 -0.580863 -0.676561 2.470971 -1.317102 1.621969 -1.285235 1.009747 0.593734 -1.576029 0.894607 1.213554 0.429111 0.137252 0.963101 1.401001 0.398247 2.210692 -1.362287 
0.064896 -0.185367 0.459114 1.561230 0.233066 1.642865 1.900142 0.767209 -0.521126 -0.123213 1.092829 0.615598 0.137434 0.437225 0.512094 -2.231456 -0.405398 2.003455 -0.363954 -0.777657 
-1.299108 -0.280532 -1.614938 0.251910 0.382951 -0.911223 -0.385726 -0.251101 -1.603440 4.145661 -0.251935 -0.311447 2.789614 -0.896184 4.330620 0.629093 -2.727874 -0.353710 -0.227580 -2.005052 
0.113677 0.220553 1.959809 0.933823 -0.635981 -1.390990 -1.326286 1.529793 -0.174861 -1.164044 0.588710 -1.994237 0.136265 -1.799151 0.397182 -0.536402 0.870538 -2.941534 -0.212494 -1.014139 
1.689228 -0.929936 0.695841 -0.313687 1.202988 -0.336179 -0.904549 -0.413442 -0.591713 -1.083765 -0.321248 0.608033 0.581892 -1.654467 -1.017438 -0.007877 -1.905605 1.329620 -0.319252 -0.786380 
-0.990763 -0.110322 -0.569613 0.103405 1.010944 1.262260 0.466473 1.176512 -0.408842 0.985097 2.415846 -0.766134 -0.771296 -0.705597 0.075671 -1.719416 -0.507085 0.619439 2.327372 1.120196 
-0.446361 -0.625384 0.165406 -0.564502 0.271585 1.973029 -0.894033 1.194502 -0.063894 1.258601 -0.380034 -0.598412 -0.989551 0.970152 -0.889679 0.050380 0.221250 -1.138116 1.034279 0.217127 
-0.521032 -0.921253 -1.629235 -0.116680 -0.685227 -1.573401 -0.780361 -0.638465 -0.491865 1.628516 0.925488 1.002952 1.376264 1.888087 -0.157728 0.273539 1.095410 -1.065134 -0.024749 -0.333252 
0.271718 1.475231 0.345752 -1.984105 1.333565 0.991281 -0.745667 -0.380267 -1.330237 0.434404 -1.568231 -0.350570 -3.484606 0.838643 1.776870 0.010996 0.073045 0.258565 0.853158 0.538176 
-0.674806 -1.466589 1.585055 0.368969 -0.278243 1.032221 -0.437387 -0.329921 -0.017572 0.111324 -1.001473 -1.713606 -0.338302 0.160240 -0.367155 -1.127337 0.873667 -1.038532 -0.692873 0.612149 
-0.770770 -0.171808 -0.070039 1.463462 0.854588 0.930950 1.477565 0.747566 -0.984002 -0.239136 -0.129726 -0.269628 -0.688400 0.451414 0.916074 -1.155790 -1.281520 0.798726 -1.539576 -0.496420 
0.250894 -1.417959 1.483661 -0.031950 -1.047673 0.950581 -0.344613 0.615642 -0.717764 0.686489 0.834152 0.173766 -0.639820 0.813832 -1.036000 1.928430 0.245656 -0.933845 1.363654 -0.635803 
0.657494 -0.514488 -0.125108 -0.572408 1.562303 1.352243 0.601779 -0.425046 1.332880 0.510971 1.488824 0.029739 0.713383 -0.511639 -1.092878 0.993203 -0.924185 -0.223465 1.616818 0.095776 
0.049612 0.580201 2.128917 -0.035818 2.070085 0.637475 -1.749129 -0.976525 -1.194671 -0.795696 -0.218666 -0.753868 -0.169365 0.657260 1.751454 0.219078 -0.809529 0.358408 0.757314 1.841687 
2.027805 0.087806 0.568815 -0.972407 0.251624 -1.229553 -0.052636 0.240566 -0.542315 -1.418754 0.636084 -0.093665 -0.145434 0.077547 2.169062 -1.149034 1.626761 -0.223576 0.968266 0.225598 
-0.523769 1.949386 -0.519180 -0.309146 -0.833156 0.494603 -0.483353 0.422286 -1.729151 -1.009390 -1.855622 -0.767079 -0.077388 -0.126753 0.459814 -1.029580 0.939111 -0.483361 0.064451 1.561317 
-0.654935 0.837400 -0.580373 1.051852 0.557089 -0.986653 -1.160942 2.333812 -0.207896 -1.293081 -0.544105 -0.810009 -0.754217 0.214788 -0.194075 0.124573 -0.212361 0.150430 0.270700 -0.281760 
1.384150 1.813779 1.482222 0.295148 0.563446 0.411691 -1.680589 -0.758091 1.026038 0.314651 0.287653 -1.643636 1.722390 1.434459 0.913647 2.031021 0.230073 0.985839 0.217877 -0.897629 
0.156557 -1.477823 -1.405416 -0.356852 -0.902385 -0.168379 0.198798 -1.853995 1.534950 -1.828602 0.651891 -0.064899 -1.209984 -0.925815 -0.948153 0.390908 0.245061 -1.547397 -0.001767 -1.154623 
-0.264502 1.040111 0.522653 -1.559879 -0.556477 -0.238730 0.617493 -0.376128 -1.124436 0.268024 0.627507 0.174992 -1.706679 -0.574602 0.098049 1.247865 0.240500 -1.086247 -0.873302 -1.840816 
1.532926 -1.587886 0.313890 -0.454417 0.422948 -0.086388 -1.668402 -0.876126 0.092445 0.636262 -0.826733 0.547550 0.270882 -1.049324 -1.487215 0.311687 -1.885287 1.800651 -0.136319 0.290477 
-0.836341 -0.367422 -0.183013 -1.829462 -0.565822 -0.597327 0.494216 0.953965 1.201665 -2.116847 0.071875 -0.326911 -0.203087 0.438688 2.501095 1.850973 0.017506 0.754671 -0.033163 0.517546 
1.505440 -1.285458 0.934600 -0.270172 0.634012 -0.545088 -1.334248 -0.182635 -1.272845 -0.717565 -0.592537 2.045155 0.845466 0.390308 2.342520 0.291762 0.493215 -0.010515 1.179548 0.355685 
0.876247 -1.297418 0.512568 -0.278283 0.255132 0.410673 -0.371814 -1.157578 0.546838 3.044450 0.927435 -0.380015 1.415757 1.685987 -0.952660 0.402385 -0.465262 -0.391132 -0.476830 -0.316938 
1.482213 -1.226430 -1.285403 -0.738109 -0.146017 0.270059 -1.747561 -0.471314 -0.154137 0.059051 -0.465548 0.875749 -1.015129 -0.974262 -1.556839 -0.230401 -2.119688 1.977164 -0.800518 -1.308969 
-0.824070 -0.599738 1.609883 -0.371501 -0.231247 -1.114342 -1.418326 -0.123563 0.681583 -0.541957 1.119411 -0.307308 -0.076089 -0.670680 -0.493846 -0.956898 -0.477477 -1.036253 0.358890 -1.376067 
-0.926531 -0.631889 0.772453 1.539763 0.501271 1.210433 1.468586 -0.414559 -0.580540 -0.666853 -0.239687 -0.907938 0.588458 0.130983 1.913402 0.218577 -1.613449 -0.046330 0.120833 -1.103040 
1.659861 -0.590862 -0.309513 -1.684912 -0.489707 -0.719822 -0.734431 0.405815 0.136099 0.105839 -0.245829 -0.232599 -0.896051 0.403463 0.792578 -1.760956 -0.996678 1.311210 0.389206 -0.086048 
-0.317200 -1.592759 -0.595656 0.376040 -2.020245 -0.515224 1.222952 -0.447224 0.049062 -2.062191 0.128086 0.203847 -0.751290 -0.274624 0.038951 1.387705 0.605149 0.198530 1.157065 0.337429 
-0.877532 -0.147392 1.305809 1.254524 0.741827 -1.730916 -1.030710 0.539075 0.250666 -0.933686 -0.544008 -0.918446 0.250746 0.884581 -0.994600 -1.086955 -0.141547 -0.769266 -0.630779 1.019075 
-0.488116 -1.714675 0.324431 0.528628 -1.036002 0.748168 -0.355773 -1.216140 -0.062890 0.190960 -0.628126 -2.409249 -0.644689 0.001871 0.110590 -0.139738 0.211592 -0.125987 -1.265017 0.839101 
-0.424936 -1.600376 0.501209 0.617338 -1.559803 0.627494 0.729323 -0.411767 0.010379 -2.165189 0.445239 -0.690592 -0.185394 -0.893359 1.254565 -0.342454 1.304134 -0.479601 1.348558 -0.508042 
-0.271599 0.237703 0.678751 -0.159156 1.205751 2.002462 0.468313 -0.850900 -0.343942 0.248524 1.064189 -0.942836 1.353605 0.920160 -0.871089 0.381015 0.477631 0.825317 2.083977 1.186912 
-0.780836 1.271929 -0.080928 -1.396106 -1.192470 1.557720 -0.075493 -1.039407 -1.035889 -0.749174 0.330062 1.126032 1.775638 -0.258845 -0.632317 -0.044784 -2.546268 -1.316763 0.343135 2.824529 
1.767346 -0.439508 -0.226198 -0.140235 0.276383 -0.258743 1.958510 0.331389 -0.831479 -1.291025 -0.346123 0.631544 0.622470 0.127247 1.259335 -2.489403 1.128620 -0.644024 0.972995 -0.618675 
-0.958238 -0.692652 0.983891 -0.216549 0.249994 -0.312121 -0.528998 0.197608 -0.134478 1.369659 -0.003780 -0.133837 -0.253957 0.302516 -1.980484 -0.490650 1.160744 -1.493561 -0.915656 1.213345 
-0.519884 1.448905 -0.659130 -1.396299 -0.429865 0.485065 0.243517 -0.457222 -1.419203 -0.799672 0.140244 -1.016384 1.207758 0.454654 -0.868409 -0.192212 1.509022 1.087962 -1.278732 -1.105367 
-0.696945 1.089039 -0.203144 -1.253874 0.020907 0.089594 0.595208 -0.715506 0.144208 0.164831 0.997950 -1.673269 -1.233896 1.296245 1.228877 -0.176007 0.433607 1.571922 -0.034482 -0.953954 
-0.722115 -1.032124 0.701427 1.729978 -0.232198 -0.634486 0.938649 -1.713934 -1.829862 0.711796 -0.370826 0.113663 -0.369850 -0.015589 -1.218438 0.950788 0.763088 0.451473 -0.062659 1.423907 
-1.424872 -0.230211 -1.045255 0.006181 0.511483 -0.019666 0.168738 0.198380 -0.170757 1.099499 0.547556 -1.426046 -0.253709 -2.356133 1.278307 0.105877 -0.633672 -1.544362 -0.307495 -0.165145 
-0.525764 -1.207021 1.358319 -0.410015 -0.856591 -0.201641 -0.745161 0.139445 -0.313736 0.143264 0.529316 0.340331 -1.624870 -0.024289 -1.750781 -0.335859 1.225194 -0.982156 -0.729675 -1.605880 
-0.568067 -0.349157 -1.184295 -1.178403 0.682014 -1.188337 1.997440 -0.163033 1.632848 -0.263420 -0.465215 0.613658 -0.508487 -0.550150 -0.282043 -0.004404 -0.695238 0.187364 0.405317 0.440790 
0.940809 1.947493 0.164426 1.863996 -0.402587 2.284997 -0.745049 -0.321111 0.486060 0.337146 -1.552091 3.465179 -0.658850 -1.628196 1.292570 -1.284713 -0.093774 -1.573990 -0.827741 -0.611669 
-0.215389 -0.692072 -0.344294 -1.299235 0.041600 1.948455 -0.743928 1.525397 0.868429 1.261047 -0.732493 -0.101551 -1.213027 1.469020 0.212183 1.029855 -0.921996 -0.456031 -0.327061 0.540452 
-1.032189 0.343684 -0.045807 -0.733967 0.537503 0.030466 0.633673 1.092199 -0.739778 1.494996 1.615343 -0.736769 -0.119429 -2.370127 -0.679719 -0.868146 1.235208 -1.315926 2.330106 0.255676 
