112
-0.847025 1.478756 -0.300716 -1.306165 -1.357107 1.580646 -0.127748 -1.050606 -1.111272 -0.770520 0.334555 1.179603 1.732039 -0.274324 -0.836394 0.040945 -2.499542 -1.267686 0.411138 2.595612 
-0.095633 0.206399 0.965111 -0.478779 2.264074 0.301657 -2.153265 1.308026 -1.148029 0.112523 -0.332984 0.847736 -0.636715 0.072281 -0.413425 1.025612 0.973519 -0.150414 0.246361 -0.397625 
-0.863588 -0.095327 -0.515497 -1.103289 0.153534 0.351897 -0.120645 0.749148 0.630086 -0.553310 1.543633 1.854615 -0.829335 1.404853 0.534279 1.290338 -0.964331 -0.508275 -1.978244 1.193376 
-1.117166 -1.236956 -1.433791 0.243747 -1.308790 -0.512836 -1.097851 -0.554330 -0.906551 1.413021 -1.502488 -0.951416 -0.039991 1.319170 0.562940 0.770163 2.586266 -0.437223 -0.691444 0.533561 
-1.125209 0.115551 0.364404 2.200114 -0.796928 -1.004146 -0.024354 -0.385852 1.705495 -0.561506 -0.558026 0.512913 -0.393772 -0.467428 -1.223648 -0.571226 -0.103380 0.794665 -0.826144 -0.363389 
0.158066 -1.528055 1.221609 0.050753 -1.217504 0.956543 -0.384361 0.437901 -0.787665 0.584838 0.839325 0.235325 -0.716200 0.832490 -1.251165 2.004418 0.261364 -0.881095 1.498831 -0.768810 
-0.645313 -0.292004 1.134717 2.261611 0.302753 -1.057750 0.008278 -0.169058 -1.182374 -1.635311 -1.296538 -0.271564 -0.103323 -1.930140 -0.460844 0.404217 -0.852256 -1.351305 -0.139592 -0.410357 
-0.750600 2.330872 -0.230465 -0.184285 -1.893337 -0.457014 -0.140222 -0.004105 0.203395 0.006710 -0.058988 -0.837928 0.689064 0.291634 -0.271766 0.212436 0.338973 1.050556 0.033772 -0.671515 
0.642946 0.381152 -1.786234 -0.594154 2.122225 0.777021 -0.239145 0.851960 0.465952 -0.589980 -0.360582 0.363415 0.160621 -0.042570 -0.323273 0.166329 1.594568 1.069797 -0.830666 -0.807075 
-0.924211 -0.314092 0.611898 -0.882954 0.272448 0.312585 -0.394965 0.475500 1.186733 -0.042484 1.686082 1.873925 0.190460 0.124495 0.657841 0.131678 0.032524 -1.292591 -2.092236 2.255160 
-0.273558 -0.938112 0.024368 -1.568784 -1.085136 -0.436482 -0.690965 1.496416 -0.046208 1.594903 -0.563154 1.081972 -0.653623 1.566554 -0.193349 0.378486 0.603328 -1.428599 -0.590101 0.138354 
0.134592 0.315883 1.131059 -0.933556 -0.780048 0.058454 1.761598 1.365932 2.003986 1.910892 -0.965071 1.963910 1.738680 -2.965774 -0.096657 1.076611 3.071664 1.166564 -0.369270 0.450274 
-0.764949 0.235270 -1.215066 0.399301 2.027573 -0.266553 -1.206821 -0.086015 -0.874653 -1.141472 0.098397 0.502230 -0.553628 0.191732 0.337414 1.485705 1.113761 -0.457061 0.965208 0.619863 
-0.451769 -0.119655 0.760568 -1.618769 0.672021 -1.877895 2.476465 -0.221985 0.627269 -0.928292 -1.763988 1.305199 -0.709502 0.018434 1.015441 -0.678368 -0.652551 0.356636 -1.762743 -0.966375 
-1.065603 0.045713 -0.662617 -0.178627 0.483395 0.941332 0.458997 1.041332 -0.598149 1.017946 1.876727 -0.317233 -0.634091 -1.579642 -0.907663 -0.710926 -0.579910 -0.426588 2.705175 0.706121 
-1.214337 -0.197787 -0.888751 -0.304971 -0.932473 0.222207 -0.462845 -1.214993 -0.233904 -0.698609 -1.228909 -2.455803 -0.584537 -0.434234 0.258042 0.600476 0.175975 -0.928775 -0.999152 0.487178 
0.671826 0.307759 -2.180316 0.262901 0.955511 0.023164 -0.267039 1.560011 1.300945 -0.768287 0.367130 0.077987 1.016106 1.379734 -0.289399 1.232386 -0.204495 -0.786278 -1.024238 -1.259749 
0.751831 0.872802 -1.238048 -0.084772 0.041970 0.244247 0.171655 2.155969 0.320643 -0.802196 0.415402 -0.220505 0.648161 0.428470 0.313155 3.097536 -0.574923 -0.145341 -0.941182 0.056653 
-0.237239 -1.804101 0.261446 0.762322 -1.511721 1.283417 1.430034 0.196812 -0.764873 -1.059800 -1.527409 0.379706 -1.104628 1.062476 0.728891 -0.441175 0.992360 1.656180 2.463526 0.468061 
-0.145892 -0.373674 0.217427 -0.341798 2.545570 0.267760 1.113424 -1.397577 1.281451 0.633862 -0.526355 -0.016990 0.555679 0.745506 -0.928880 -1.115241 0.148541 -0.000398 0.310846 0.175378 
0.914406 0.080495 -1.242263 -0.492991 1.265080 0.699604 -0.783261 1.430707 1.187784 -1.123841 0.533225 0.687156 0.201637 -0.084402 -0.168904 0.609376 -1.419098 -1.229729 -0.105875 -0.797034 
1.712145 -0.802224 0.169656 -0.141633 0.164217 -1.007611 -1.312234 0.114075 -1.579521 0.487094 0.111878 0.876077 1.780917 -0.949219 -0.573434 0.386396 -0.729928 0.586550 -0.438541 1.179340 
-0.102453 0.157048 -1.373632 0.440344 -0.016803 0.869420 -0.855105 1.586353 -1.716504 2.114875 -0.171828 -0.295814 -0.590016 1.519147 -1.177919 0.059341 1.211079 1.898762 -1.548269 -0.046756 
-0.058109 -0.742420 0.203419 -1.472876 -0.370167 -0.155517 0.496011 1.591051 0.185809 1.742432 -0.783259 1.319760 -0.240747 1.032656 -1.537488 0.154406 -0.938563 -0.468932 1.322256 0.638205 
1.262063 2.084447 1.220209 0.376115 0.335825 0.402597 -1.658248 -0.797598 0.986182 0.233799 0.292090 -1.566831 1.678068 1.472867 0.752034 2.106504 0.245954 1.057004 0.277636 -1.023379 
-0.647633 0.142086 1.735799 1.282204 -1.051478 -1.914568 -1.092591 -0.068439 1.442380 1.986981 1.244886 -0.083344 -0.660098 0.715474 -0.398581 -0.488971 0.112704 1.053647 0.060000 0.750599 
-0.395986 -0.045679 1.311945 0.226999 1.171421 0.707661 1.366289 1.476787 -0.808687 1.298029 -1.573330 0.085412 0.387994 0.720386 -0.994474 -1.517866 0.205522 0.886859 -0.384098 -0.472833 
0.024392 0.303507 1.684896 1.011402 -0.820579 -1.450451 -1.320410 1.260064 -0.235408 -1.162184 0.593553 -1.914490 0.070418 -1.863647 0.221383 -0.448246 0.879304 -2.908042 -0.181064 -1.136659 
-0.506605 0.071232 0.378354 0.634070 0.554234 0.913858 1.346237 -0.783087 -0.056265 -0.364981 1.537314 1.253000 -1.002963 0.759255 1.319063 -0.100627 -1.313908 0.152046 -1.335213 -0.722484 
0.025126 -0.067439 1.156259 -0.348976 2.570092 0.582912 0.057847 -2.282715 0.907630 0.440259 0.848290 -0.961131 0.551445 1.192639 0.156647 -1.191235 -0.173022 -0.278029 -1.038681 0.465406 
-0.743733 -1.582414 1.320264 0.449544 -0.475673 1.040464 -0.472823 -0.412513 -0.075409 0.041845 -0.998776 -1.636214 -0.410590 0.158098 -0.563948 -1.036264 0.882398 -0.986786 -0.693063 0.444553 
-1.351916 -0.256616 -1.793288 0.333106 0.161804 -0.957279 -0.423563 -0.341625 -1.688602 3.850519 -0.248226 -0.245817 2.759775 -0.931945 4.262862 0.711496 -2.679131 -0.295394 -0.197143 -2.100108 
0.818594 -0.688547 -1.912761 -0.730311 0.600578 0.920989 -0.678806 0.997242 0.796512 -1.817691 0.536132 0.364176 1.091846 0.313062 0.808463 -0.354057 1.079701 -1.286960 0.667871 -1.263440 
-0.330933 -1.014646 0.932975 0.085401 -0.379838 -0.624885 2.362371 0.582985 -0.499659 0.051085 -1.102494 1.944187 0.534707 1.285121 -1.014491 2.203578 -1.121346 -0.651201 1.695378 -0.271419 
1.737692 0.858800 -0.084460 0.902578 -0.511744 -0.580686 -0.445791 -0.070844 -0.260122 -0.485664 0.860346 -0.676176 0.493085 -0.645785 -0.474594 0.577340 0.175212 -1.229957 1.675824 0.746858 
-0.596596 2.236031 -0.727130 -0.224972 -1.010682 0.487825 -0.516653 0.264002 -1.816479 -1.016181 -1.854077 -0.697627 -0.146134 -0.138028 0.285735 -0.938989 0.947115 -0.426289 0.114110 1.367413 
0.278368 0.079089 1.582456 -0.996891 -1.121274 0.139706 0.943713 2.334152 1.342328 -0.468366 0.572477 -1.004601 1.945652 -0.699275 1.429564 0.733755 0.704494 0.851086 -0.721414 -0.026563 
-0.239251 0.512645 0.095002 -1.208724 -1.162616 -0.504832 0.970323 1.143889 -1.390704 0.295488 0.958565 0.882190 -1.542751 -0.804997 -0.936871 1.525290 0.000021 -0.359515 -1.261989 -1.591204 
-0.159590 -1.222795 -1.950437 0.557426 -1.148992 -1.028434 -0.600463 -1.603015 -0.393094 0.831096 1.376180 1.131289 0.825436 1.891593 0.086527 0.760171 1.600461 -2.071119 -1.027582 -0.930250 
-0.329398 -0.747666 1.618211 -0.221210 -0.159338 0.507423 -0.864959 0.754060 1.564925 -0.758398 1.931431 -0.120080 0.710884 1.210934 0.460857 0.085419 -1.530455 -1.722099 0.120427 -0.451573 
-0.945703 -0.974127 1.340977 0.621969 0.343536 1.455526 0.368944 0.394061 -0.350999 0.586655 -2.309950 -1.583023 0.536909 -0.839207 0.517966 0.503414 0.035976 -0.651414 -1.321537 -1.553824 
0.178352 1.706011 0.114438 -1.891045 1.078320 0.998380 -0.766776 -0.457793 -1.410692 0.346854 -1.566298 -0.284612 -3.599591 0.858091 1.638968 0.096450 0.090671 0.322754 0.954732 0.372630 
-0.724375 0.993031 -0.786669 1.128804 0.329696 -1.034817 -1.162751 1.983178 -0.269013 -1.284003 -0.540791 -0.740197 -0.832149 0.214382 -0.386115 0.209466 -0.191564 0.213582 0.333935 -0.424580 
0.066165 -1.594971 -1.589425 -0.272425 -1.077427 -0.193680 0.133795 -1.783225 1.503863 -1.789570 0.656819 -0.001338 -1.294101 -0.962519 -1.160905 0.474487 0.260776 -1.500532 0.043534 -1.273250 
-1.122537 -0.844364 -1.765388 0.252315 -0.543069 -1.616511 -0.820075 -0.383308 -1.911283 3.837483 0.700791 -0.531504 1.394456 -1.081025 2.233870 -0.570958 -1.492017 -0.514442 0.454151 -1.765867 
-0.095361 -0.139875 1.097068 -0.558232 0.305773 0.107046 3.086715 -0.187895 0.230659 0.256234 -1.601890 0.906591 0.907890 -0.537716 -1.126495 1.656262 -2.060212 -1.389285 1.612977 -0.725892 
-0.988959 -0.649370 0.529613 1.614126 0.275880 1.223655 1.344570 -0.488635 -0.648077 -0.692803 -0.235961 -0.837305 0.528747 0.127910 1.779250 0.303006 -1.577086 0.014934 0.174204 -1.223097 
0.621306 -0.418707 0.874175 -0.881526 -1.220662 0.304368 0.093624 0.729777 -1.514542 -1.115797 2.467104 0.285434 -1.454655 0.046009 0.337707 0.486193 -1.443301 -0.152844 0.905119 -0.699857 
-1.270145 0.305714 -1.058707 0.094246 0.362360 -0.089111 0.412856 0.645341 -0.061410 0.742156 1.636233 -0.169633 -0.223973 -1.498160 -0.669788 -0.497552 0.843404 0.299257 0.713254 0.291453 
-0.038019 0.705529 1.849436 0.046905 1.788421 0.634689 -1.723602 -0.994052 -1.272790 -0.814440 -0.214913 -0.684526 -0.239360 0.670935 1.612853 0.303505 -0.782097 0.423555 0.852580 1.640012 
-0.660938 1.126977 1.473565 -0.499218 -2.043399 -0.575197 -0.704856 -1.342389 1.170165 1.026765 1.737079 1.246787 -1.379202 -1.790666 1.164011 -0.074027 1.658331 0.261779 0.943525 -0.098168 
-0.752776 1.887448 1.314829 -0.807402 -2.254179 -0.143553 -0.831510 -1.471585 0.567671 0.224437 1.116676 1.177282 0.419180 -1.198164 0.877639 0.376173 -0.196826 1.346782 1.543336 0.649698 
-1.204472 -0.679159 -1.678903 0.481666 -0.744275 -1.415667 -1.065197 -0.501392 -1.232784 4.184241 -0.278717 0.084031 1.272535 -1.302938 2.683981 -0.451768 -1.404976 0.450323 -0.558610 -1.546498 
-0.386477 -0.948985 1.785194 -0.197994 -0.274411 0.775484 -0.261639 0.714905 -0.680724 0.337766 1.033764 0.445027 -1.046158 1.004272 -0.286889 -0.085156 0.019542 -0.250596 -0.024649 -0.338256 
-0.789821 -1.096760 0.460506 1.803332 -0.431279 -0.672810 0.839262 -1.657258 -1.918925 0.608730 -0.367278 0.175727 -0.442565 -0.023327 -1.438614 1.031603 0.773048 0.517512 -0.021366 1.233812 
-1.165565 0.230538 0.636947 1.464259 -0.189034 -1.601746 -0.388613 -0.070029 1.234225 -0.325424 0.206953 0.926440 -0.835149 1.012555 -0.880856 -0.971652 -0.483932 0.717977 -1.482332 -1.970070 
-0.657748 0.568037 2.041353 0.483349 -1.358050 -1.619297 -0.755864 -0.809703 1.008066 1.068342 1.588121 -0.277270 -0.722889 0.095688 -0.044495 -0.167585 0.766859 1.625946 0.301474 0.725395 
-1.041105 1.345582 1.721105 0.136800 -1.432020 -0.569538 -0.737713 -1.520445 0.958962 -0.055887 0.642569 1.417292 1.517576 -0.428193 0.400419 0.392972 0.687358 2.501356 -0.018822 0.026488 
1.449452 -0.528462 0.980877 0.625710 0.440536 -0.749420 -1.075700 -0.193476 -2.781792 -0.175173 0.947308 1.641798 1.326933 1.823624 2.309916 1.263928 0.750829 -0.494787 -0.458249 -1.608112 
-0.588048 1.117138 -0.505477 -1.032202 1.232941 -1.203154 -0.888099 -0.806382 -1.170011 -1.574103 -0.350235 -1.239183 -2.071620 -0.003059 0.571508 1.710472 0.044372 1.046521 0.628690 0.798310 
-0.837219 -0.135082 -0.290120 1.538230 0.616524 0.936363 1.353132 0.556550 -1.058491 -0.289012 -0.125852 -0.204349 -0.765438 0.458538 0.754528 -1.064576 -1.248845 0.868096 -1.595498 -0.633291 
1.530655 -0.603508 -0.523126 -1.593439 -0.679552 -0.760530 -0.756062 0.249189 0.080910 0.036667 -0.242112 -0.167630 -0.975908 0.409062 0.627639 -1.666755 -0.967168 1.385496 0.460241 -0.234292 
-0.551209 1.762838 -0.303035 -1.066003 -1.396988 1.965546 -0.217192 -0.739725 -1.116902 -0.557511 -0.291460 0.838106 1.299922 0.072310 -0.626710 -1.039523 -1.683872 -1.237494 0.286791 0.307350 
-0.941225 -0.107790 1.048562 1.330401 0.507807 -1.799874 -1.038572 0.369039 0.197450 -0.944711 -0.540693 -0.847724 0.186452 0.905491 -1.208628 -0.996081 -0.121537 -0.714936 -0.626882 0.840200 
-0.356779 -0.587903 0.395108 1.501696 0.217125 1.422609 1.931334 -0.343849 -1.347205 0.422388 0.858589 0.859677 -0.692819 1.813233 -0.208113 0.660892 -0.993363 1.096031 0.920510 0.173552 
-0.411159 -0.543713 1.273678 0.533728 1.089073 1.992267 -0.051528 0.973967 -0.085551 0.106358 -0.038228 -0.585499 0.954191 0.510622 -0.056897 -0.841584 -0.060796 0.797470 -0.531825 0.797523 
-0.207171 -0.570629 -0.717606 1.378415 0.596226 0.027691 1.399714 -2.085391 -0.402795 -0.657331 2.036322 1.678266 -0.262491 0.539900 -0.482861 1.872279 0.322497 -0.536203 -0.049966 -0.882896 
-0.348157 -1.017443 -0.260320 -0.783923 0.137158 2.521376 -0.408391 0.794297 1.453408 -0.131617 -0.289402 -0.625781 -0.245158 0.678004 1.516468 0.292335 -0.033388 0.544951 1.156137 -0.069442 
-0.598539 -1.292264 1.099653 -0.325307 -1.033276 -0.227871 -0.766293 0.009622 -0.376676 0.071999 0.534079 0.400493 -1.714617 -0.032303 -1.985580 -0.248692 1.230020 -0.929869 -0.732287 -1.711999 
-0.778312 -1.149815 1.280076 -0.968761 -0.709572 0.159797 -1.368736 0.572751 0.182015 0.661504 -0.563675 0.060071 -1.199012 0.748632 -1.015482 0.405169 0.995254 -1.031331 -0.458839 -0.766958 
0.486395 1.157552 -0.472521 1.111169 1.569455 2.063586 -0.987569 -0.407438 0.237563 -0.086477 -0.638059 -0.413421 -0.183973 -0.315353 0.664227 -0.179074 0.775171 0.002124 0.994499 0.986422 
-0.863588 -0.095327 -0.515497 -1.103289 0.153534 0.351897 -0.120645 0.749148 0.630086 -0.553310 1.543633 1.854615 -0.829335 1.404853 0.534279 1.290338 -0.964331 -0.508275 -1.978244 1.193376 
-0.592811 1.676583 -0.863298 -1.306358 -0.621856 0.478021 0.176436 -0.527004 -1.501190 -0.818194 0.144482 -0.944840 1.156452 0.461882 -1.078971 -0.105754 1.510694 1.160107 -1.317485 -1.225359 
-0.639750 -0.333326 -1.374277 -1.089617 0.450140 -1.242136 1.848845 -0.262418 1.603448 -0.311937 -0.461794 0.671527 -0.583084 -0.574899 -0.476498 0.081126 -0.669077 0.250870 0.477413 0.277944 
0.830168 2.233915 -0.061989 1.936639 -0.595557 2.328242 -0.766187 -0.404589 0.436901 0.255036 -1.550136 3.499127 -0.735487 -1.687253 1.141365 -1.192862 -0.074295 -1.527380 -0.836809 -0.745344 
1.407493 -1.590194 -0.415394 -0.188843 0.303065 -0.168788 -1.981345 -0.873282 -0.075905 0.152988 -1.077525 0.394522 -0.506042 -1.758923 -1.308043 0.896111 -1.863990 1.637961 -1.272115 0.637101 
-0.561864 -1.859729 0.093694 0.608357 -1.206251 0.748475 -0.395002 -1.209555 -0.121508 0.117026 -0.624925 -2.326021 -0.721135 -0.005311 -0.073081 -0.053540 0.227679 -0.065488 -1.302867 0.665214 
1.635364 -0.434322 -0.442061 -0.056958 0.059059 -0.286569 1.811725 0.182251 -0.903339 -1.282063 -0.342541 0.689263 0.563222 0.124055 1.107217 -2.391606 1.134519 -0.588493 1.082457 -0.752157 
1.371657 -1.233934 -1.472535 -0.813511 -0.550998 -0.199589 -0.777772 -0.036907 0.033884 0.321744 -1.039559 1.219198 -1.125022 -1.119342 -0.867817 -1.457896 -1.962825 1.433028 -0.284344 -0.431283 
0.108929 -1.645023 -1.192634 -0.118651 -0.358351 1.868255 -1.426084 -0.628626 0.583730 -0.359634 0.562871 -0.598747 1.135259 0.841748 1.358678 0.331928 1.128287 0.450949 0.244244 0.596282 
-0.742753 -1.024122 1.289205 0.654802 0.026648 1.822578 1.346032 0.681712 -0.347027 -0.714130 -1.243377 0.199809 0.624796 0.007003 1.364818 0.894906 0.026658 0.037336 0.062793 -0.763897 
-1.324300 -0.567210 -0.801173 0.088318 -0.107289 -0.364750 -0.612246 -0.380967 -0.256266 1.192350 -0.909160 -1.043315 -0.292668 -0.696894 -0.418860 0.247689 -0.484707 0.157817 -2.429841 0.767898 
-1.112382 1.714472 -0.378151 -0.457054 -1.310778 0.466709 0.102434 -1.421466 0.306333 0.548122 -0.275704 0.507876 -0.630583 -1.152645 1.557392 0.398288 1.593284 0.351339 -0.490401 1.799778 
-0.974099 -1.108747 0.679791 1.071979 -0.361628 0.753418 1.068993 -0.719201 -0.247046 -1.767179 -0.848003 -0.117787 -0.142989 -1.382438 0.585884 0.484713 0.918878 0.683972 -0.278403 -0.133006 
0.020889 -2.140206 -0.259449 -0.312500 -2.027229 1.372456 -0.590143 0.355337 0.825413 -0.369415 -1.176137 -2.115594 0.849446 -1.379690 1.001928 0.119598 -0.218502 0.958145 0.428824 1.350983 
-0.407535 -0.694378 -0.289004 0.777729 -0.395147 1.018665 1.804637 -0.085178 -0.865685 -0.952867 1.719726 1.415518 -1.645607 0.952350 0.437580 -1.445797 -0.480761 1.449296 0.025371 0.663166 
-0.808458 -0.443953 1.470478 0.220276 1.016573 1.050996 0.463949 0.377166 -0.016943 0.623907 0.426038 -0.054629 0.879040 0.465560 -0.973995 -0.706903 -0.479925 -0.467910 -0.440103 1.103460 
-0.549846 -1.684401 -0.028671 -1.018066 -0.946138 0.859672 -0.673574 0.902909 1.355679 -0.129669 -2.374604 -0.834919 0.764166 -0.683300 -0.125378 1.036749 0.232663 0.633666 0.332306 0.163672 
-0.531345 1.767431 -0.307832 -1.481654 -1.263171 1.282375 -0.179496 -0.076539 -1.332705 -0.075699 -0.022138 0.145175 1.000981 0.599318 -0.205795 0.662799 -0.291509 1.080803 -0.163028 -0.418870 
1.596207 0.851284 0.854936 -0.205662 0.823659 -0.404472 0.862280 0.273617 0.765073 0.006142 0.377204 -0.880496 0.049503 -1.339987 0.030565 0.107464 -0.096416 -0.350084 -1.488386 0.586782 
-0.356171 0.423454 0.546855 -1.898799 0.569930 0.236327 0.240810 1.077982 -0.130755 1.098669 -0.063217 -0.069359 -1.702355 1.411324 0.265940 -0.727091 -1.101588 0.664925 -1.025625 -1.703780 
1.357593 -1.313960 -1.472654 -0.651660 -0.348190 0.257007 -1.722107 -0.539678 -0.214327 -0.007503 -0.462128 0.931420 -1.096601 -1.012508 -1.786310 -0.143755 -2.077701 2.057838 -0.807793 -1.423318 
-0.943702 -0.675143 1.309314 -1.022644 -0.230107 0.417900 -0.256200 1.093668 0.344341 -0.453041 -1.643986 0.144533 -0.044280 -0.567885 1.500471 1.477085 1.182890 -1.105956 -0.826496 -1.706793 
0.662009 -0.039706 1.380221 0.589403 -0.007703 0.230337 0.281730 0.847706 -1.564451 -1.206825 1.235789 -0.054339 -0.768176 0.297433 0.457208 -1.184028 -1.466165 0.318814 -0.384477 -1.854306 
-0.296178 -0.716643 -0.556967 -1.209808 -0.167302 1.982297 -0.765118 1.256111 0.825857 1.127258 -0.729433 -0.037682 -1.297185 1.508528 0.031302 1.110280 -0.893316 -0.398697 -0.303172 0.374843 
-0.901097 -0.353743 -0.400043 -1.737222 -0.752937 -0.634613 0.415484 0.742180 1.164836 -2.061691 0.076021 -0.261151 -0.273540 0.445408 2.383085 1.927344 0.035749 0.823619 0.010071 0.352572 
-0.500315 -1.731964 0.265696 0.696596 -1.711264 0.624429 0.639664 -0.486123 -0.046977 -2.107330 0.449888 -0.621782 -0.255606 -0.929030 1.102317 -0.255255 1.308083 -0.422493 1.482741 -0.644590 
-0.956648 1.022932 -1.226170 -0.564536 -0.324301 0.510138 0.215229 -0.339865 -1.242794 -1.325068 0.870701 -0.144017 1.848303 -0.214420 -2.671604 -1.545582 2.111011 0.771263 -1.884443 -1.915507 
-0.774226 -1.094877 -0.188635 1.289785 -0.906843 0.982326 0.776523 -1.122128 -0.252327 -0.968639 0.648424 -1.658628 -0.693392 -1.708167 0.965213 -0.171768 -0.938203 -1.428426 -1.620842 -0.229172 
-0.196997 -1.599412 -1.429609 -0.615393 -0.726362 1.081259 -0.259335 -0.433768 1.870041 -1.533202 -0.829298 -0.852565 -0.362942 -0.459905 0.737994 -0.981292 0.150130 -0.298347 -0.016434 1.763804 
-0.632187 1.336811 1.779455 -0.079953 -1.443940 -0.351848 -1.073789 -0.391431 1.355797 0.494305 0.932441 -0.328022 -0.670328 0.928489 0.843127 -0.376529 -1.368569 0.470735 1.964540 -0.638280 
1.373003 -1.236554 0.696748 -0.167007 0.566602 -0.674968 -1.094620 -0.162995 -1.441690 -0.611137 -0.229386 2.285193 1.050793 0.652477 2.412692 0.435739 0.493923 -0.239906 1.376701 0.383706 
-0.370756 -0.892078 1.299026 0.770478 0.574439 -0.082237 -0.198160 -1.289405 -1.456402 0.867189 0.128996 0.254481 -0.805607 -1.389084 -2.543107 -0.324613 1.266784 -0.524192 0.369679 0.509812 
-0.765300 1.274317 -0.419630 -1.164688 -0.187253 0.071501 0.511782 -0.759298 0.089158 0.092360 1.003345 -1.596215 -1.318338 1.330255 1.075922 -0.089630 0.447228 1.648709 0.008665 -1.078143 
1.488592 0.942625 -1.246744 1.547438 -0.819321 -0.698815 1.804827 -0.784607 0.355599 0.574426 -0.089750 -1.169467 -0.909515 1.064398 -0.405022 -0.136193 0.130191 0.901208 -0.416735 0.479241 
-0.823649 -1.227323 -1.590757 -0.565770 -1.207261 -1.811951 -0.211101 0.086999 -0.733408 0.688327 -1.351254 1.086594 0.404459 1.929725 0.766165 -1.325736 2.211034 0.525876 0.807688 1.173249 
-0.409910 1.516293 0.144975 -2.666744 -0.433216 -0.535005 1.053663 -0.877268 0.080274 0.700836 -1.435282 -0.094337 -2.485451 0.391696 0.959194 0.174035 -0.317163 -0.682792 0.266311 -0.117727 
-0.395360 -1.723449 -0.801539 0.456578 -2.155190 -0.550216 1.110352 -0.518013 -0.007627 -2.010093 0.132307 0.265154 -0.829182 -0.290605 -0.146688 1.466363 0.616863 0.262143 1.278643 0.177447 
1.817568 0.497657 0.776408 0.058317 -0.318912 -1.188739 0.446397 -0.465808 -0.472910 0.211153 -0.376071 -0.525604 1.181231 1.150129 -0.140224 -2.544323 -0.033858 -1.873735 -0.549982 -0.459006 
-0.215597 -1.317818 0.055484 -0.765397 0.362091 2.142774 -0.453711 -0.326425 2.088478 -0.991579 -0.828651 -1.111863 0.324538 -0.056640 1.168049 0.129700 0.920926 -1.619715 0.636186 -1.435323 
-0.350937 0.322677 0.438443 -0.075779 0.955090 2.037813 0.390785 -0.881068 -0.407403 0.171371 1.069673 -0.871910 1.304278 0.942201 -1.081725 0.464642 0.490762 0.894942 2.266567 1.003385 
1.889099 0.155119 0.331476 -0.884715 0.035188 -1.284503 -0.105954 0.100568 -0.609194 -1.402647 0.640990 -0.029861 -0.215104 0.072774 2.041932 -1.057853 1.627125 -0.164012 1.077417 0.068715 
