124
-0.969430 -0.729282 0.629118 1.590868 0.544904 1.217681 1.501132 -0.498749 -0.557598 -0.771557 -0.361964 -0.931908 0.588162 0.118413 1.849070 0.277624 -1.415832 -0.011889 0.095617 -0.982504 
-0.827093 -0.234840 -0.208563 1.516220 0.944755 0.936459 1.510184 0.802731 -0.970487 -0.373916 -0.249512 -0.238867 -0.659472 0.441400 0.874270 -1.123704 -1.091812 0.856389 -1.809810 -0.377103 
-1.195858 -0.103997 -0.947837 0.287692 0.794231 -0.245782 1.052081 -0.144165 -0.165444 0.352040 0.038978 0.785338 0.034242 0.935826 0.241783 1.272502 0.298892 -0.348765 -0.433624 -0.810246 
1.231175 -1.366750 -1.424685 -0.642294 -0.199027 0.278467 -1.754985 -0.561937 -0.117547 -0.097816 -0.607865 1.052283 -0.976045 -1.018836 -1.606241 -0.175335 -1.945462 2.085848 -1.004591 -1.177556 
-0.350739 -0.823785 1.741551 -0.214272 0.034040 0.516581 -0.834802 1.048674 1.668743 -0.836153 1.851550 -0.146599 0.763748 1.176408 0.594906 0.054668 -1.369801 -1.779696 0.037717 -0.190581 
-0.603203 -1.347367 1.211640 -0.316656 -0.991798 -0.203178 -0.730492 0.121688 -0.284561 -0.018405 0.424463 0.423393 -1.574509 -0.038097 -1.732346 -0.287688 1.355179 -0.973431 -0.880396 -1.484333 
-0.782632 -1.159407 0.558498 1.776960 -0.285168 -0.638716 0.966916 -1.953937 -1.836107 0.510150 -0.496075 0.177289 -0.348213 -0.029329 -1.212027 1.024199 0.904083 0.499593 -0.114952 1.539366 
-0.364459 1.067588 0.380745 -1.441600 -0.652158 -0.240498 0.643167 -0.455710 -1.114202 0.097582 0.524878 0.243877 -1.654446 -0.592800 0.074723 1.327103 0.393946 -1.080382 -1.045217 -1.718797 
-0.207077 1.535763 -0.191437 -0.768992 0.103567 0.663182 -0.625390 0.207688 -2.068173 -1.337925 0.540825 -1.237632 0.720080 0.022205 0.341228 0.246237 0.897511 1.314531 -1.910632 0.446599 
1.495859 0.867099 -1.131799 1.544661 -0.595665 -0.406955 1.697449 -0.319788 0.298251 0.355921 -0.606578 -1.039466 -0.847455 0.860746 -0.221848 0.848816 0.100710 0.548858 -0.265868 0.954494 
-0.597830 1.506912 -0.794291 -1.281566 -0.508869 0.487801 0.266170 -0.546527 -1.415855 -0.895038 0.026575 -1.049653 1.193288 0.444666 -0.869905 -0.141223 1.632244 1.153573 -1.510474 -0.984825 
-0.787282 -0.352384 -0.158138 -1.238233 -0.811886 -1.156730 -0.151933 -0.017301 -0.184934 -2.189122 2.215385 -0.020227 -0.651834 0.499176 0.683227 -0.645507 -0.959253 0.420384 -0.030253 -0.580738 
-1.194918 0.457684 -0.094140 1.416679 -0.428911 -1.077262 -0.494901 0.345226 2.200067 0.301327 0.386351 1.364143 -0.156436 0.441174 -1.079505 -0.028425 0.447383 0.813606 0.000816 0.412568 
-0.424035 -0.772553 -0.207422 0.768231 -0.242756 1.017023 1.987520 0.003641 -0.776519 -1.027659 1.635340 1.534774 -1.507982 0.923800 0.572763 -1.514331 -0.333605 1.447885 -0.064630 0.953632 
-0.610113 -0.131926 -1.602019 -0.797796 2.782173 -1.063926 0.760057 -1.808836 1.046803 0.618353 -0.731783 0.862053 0.119546 0.337878 0.241770 -0.075288 1.763496 0.098118 1.487163 -0.808954 
-0.097676 0.941319 0.514203 -2.071214 1.678371 0.446654 0.153997 -0.459956 -0.325031 1.252067 -0.924661 0.000844 -2.781450 0.336695 0.615646 -0.832748 0.852846 -0.457827 -0.933855 0.434237 
-0.601380 2.044771 -0.655141 -0.217973 -0.965277 0.497397 -0.466570 0.438445 -1.733044 -1.090009 -2.014513 -0.778971 -0.062445 -0.141379 0.428315 -0.995018 1.075912 -0.460929 0.030915 1.676499 
-0.924654 -0.208602 1.159430 1.311810 0.817143 -1.741969 -1.018347 0.569239 0.293025 -1.019628 -0.673181 -0.943317 0.258179 0.878023 -0.993246 -1.053518 0.021001 -0.754690 -0.766906 1.135347 
-0.699388 -0.217676 0.712513 1.172957 0.952734 0.729250 2.253645 -0.161996 -1.731309 -0.063950 1.137495 -0.732430 1.347461 0.411266 0.499085 0.248388 -0.033167 1.037410 1.477437 -0.031793 
-0.593362 0.969056 -0.428635 -1.011921 1.668312 -1.157856 -0.859267 -0.894413 -1.082679 -1.639433 -0.478669 -1.371937 -1.918671 -0.009529 0.700166 1.719820 0.184776 1.037974 0.584960 1.092349 
-0.427434 -0.627703 1.389475 0.528245 1.499439 1.970055 0.025164 1.322504 0.008318 0.015431 -0.160023 -0.656200 0.998303 0.492280 0.102376 -0.895210 0.080961 0.784511 -0.664559 1.091542 
-0.018873 0.186823 1.809696 0.998060 -0.742132 -1.399928 -1.316310 1.678758 -0.142443 -1.233788 0.485202 -2.111351 0.146319 -1.827118 0.367098 -0.492166 1.008973 -2.986650 -0.286897 -0.893781 
-1.180842 -0.295126 -0.820301 -0.296655 -0.873475 0.237392 -0.409684 -1.403222 -0.140929 -0.777274 -1.376042 -2.704050 -0.485078 -0.430740 0.401972 0.582434 0.314687 -0.972318 -1.167727 0.772991 
1.420888 -1.049588 0.552944 -0.222415 1.339041 -0.338554 -0.891167 -0.497498 -0.569033 -1.159154 -0.445373 0.714049 0.581746 -1.681281 -1.015568 0.046728 -1.701027 1.401870 -0.409409 -0.666479 
0.106518 -1.574059 1.336266 0.053216 -1.208047 0.956213 -0.326710 0.654987 -0.698028 0.486622 0.736205 0.242546 -0.612005 0.806710 -1.033710 2.021019 0.398978 -0.923792 1.521835 -0.516206 
-0.804478 -0.801700 1.303133 0.405874 0.985851 0.036174 0.394741 -0.695126 -0.080934 1.239039 -0.061670 -0.055960 0.853265 0.446930 -1.118099 -0.982685 0.991344 -0.746198 -0.264585 0.864057 
-0.814364 -1.284932 -1.537677 -0.553163 -1.196024 -1.753790 -0.143538 0.218039 -0.643444 0.588535 -1.500990 1.174625 0.468344 1.878587 0.885340 -1.391308 2.323579 0.508105 0.777686 1.477202 
-1.089693 -1.294194 -1.377275 0.243035 -1.315201 -0.482122 -1.081018 -0.580553 -0.817631 1.302190 -1.655442 -1.056852 0.039881 1.282142 0.692016 0.756308 2.693985 -0.472057 -0.836420 0.820601 
-0.458923 -0.874982 0.305386 -0.658020 -0.340096 1.552732 -1.495241 1.233382 -0.246743 1.676599 -0.938372 -0.545996 -1.674640 0.641096 -0.977839 0.010190 -0.374128 -0.444395 -0.044015 0.711185 
1.492273 -0.522533 -0.363831 -0.052722 0.290396 -0.260636 1.995013 0.336648 -0.814400 -1.351841 -0.470812 0.739576 0.621396 0.114647 1.209777 -2.483478 1.260906 -0.626007 1.073528 -0.499112 
-0.124799 -1.639990 -1.045976 -0.118234 -1.480008 -0.369139 1.879125 -1.481826 1.706292 -1.522991 -0.123530 -0.463799 -0.433984 -0.823801 0.396381 0.261285 0.495881 -1.092194 -0.025632 0.522109 
1.252940 -1.431662 0.790340 -0.179843 0.695127 -0.548762 -1.324337 -0.239014 -1.266077 -0.818704 -0.722809 2.274396 0.839288 0.379807 2.268495 0.352244 0.640640 0.024910 1.310561 0.473291 
-0.319578 -0.793959 -0.481253 -1.186605 0.024691 1.960296 -0.729250 1.673835 0.925220 1.020781 -0.865936 -0.056378 -1.172092 1.467124 0.186278 1.104817 -0.740854 -0.432848 -0.418371 0.657686 
-0.191454 -1.280579 -1.905233 0.551553 -1.127628 -0.986827 -0.555175 -1.886392 -0.301079 0.729129 1.284484 1.223563 0.874179 1.841337 0.238813 0.746069 1.720857 -2.134900 -1.198337 -0.681914 
-0.413201 -0.148888 1.428580 0.226563 1.596099 0.712589 1.524094 1.948624 -0.719177 1.188949 -1.727792 0.078401 0.452471 0.697197 -0.789524 -1.588178 0.343855 0.875484 -0.505503 -0.212403 
-0.661735 0.978515 1.593738 -0.487706 -2.177492 -0.543166 -0.665540 -1.561857 1.271604 0.921818 1.653063 1.350025 -1.251159 -1.755823 1.263804 -0.108713 1.777982 0.239329 0.923941 0.172168 
-0.236087 -0.653580 -0.645409 1.359035 0.920929 0.046985 1.559430 -2.487054 -0.310839 -0.736626 1.958673 1.822464 -0.174616 0.520881 -0.302837 1.885618 0.459325 -0.572791 -0.145745 -0.633308 
-0.759631 1.120170 -0.340908 -1.142227 0.001273 0.089869 0.620701 -0.835784 0.184081 0.001646 0.903714 -1.762862 -1.192484 1.292971 1.180007 -0.124701 0.582452 1.650831 -0.082617 -0.833717 
1.454384 -1.260067 0.008176 -0.666640 0.388334 -0.573817 -2.005676 -0.855179 -0.641800 -0.149046 -0.205412 -0.011075 -0.480253 -1.525274 -0.241496 0.274902 -1.957596 2.002363 -1.608475 0.750860 
-0.836291 1.316719 -0.219391 -1.281376 -1.371915 1.567130 -0.055416 -1.198524 -1.023586 -0.848090 0.220693 1.276464 1.748172 -0.274525 -0.639146 0.009096 -2.326427 -1.317233 0.350723 2.937173 
0.196136 1.340849 0.299333 -0.737064 0.459053 2.175142 -0.688058 -0.672690 1.059039 1.453323 -0.984129 0.330426 1.420260 0.720322 -1.179270 -0.389466 0.335071 -1.186543 0.315624 -2.927084 
-0.426263 1.352807 0.236059 -2.619570 -0.287441 -0.503823 1.193583 -0.982681 0.175143 0.600853 -1.586806 -0.118411 -2.317616 0.376103 1.068966 0.145470 -0.172110 -0.721976 0.194789 0.152092 
-1.200053 0.151998 -1.021424 0.273135 0.868386 -0.211762 0.288788 1.041957 0.117863 -0.029447 1.225128 -0.380011 -0.499309 -0.497716 -0.488285 -1.140061 0.454317 -0.112951 0.507729 0.814354 
0.815990 -0.027583 -1.181553 -0.481581 1.706038 0.704703 -0.748430 1.891245 1.289329 -1.196029 0.423590 0.737268 0.272817 -0.088993 -0.004175 0.591553 -1.259876 -1.278603 -0.205942 -0.545176 
-0.656029 1.268498 -0.057561 0.935723 0.823683 -1.387778 -1.323999 1.151286 -0.129873 -1.554715 -0.930375 -1.260235 -0.236514 -0.244220 -0.489741 0.820246 1.315031 -0.721789 -0.509822 0.127010 
-0.593362 0.969056 -0.428635 -1.011921 1.668312 -1.157856 -0.859267 -0.894413 -1.082679 -1.639433 -0.478669 -1.371937 -1.918671 -0.009529 0.700166 1.719820 0.184776 1.037974 0.584960 1.092349 
-0.198584 1.560072 1.165051 -0.510285 -2.345575 -0.366563 -1.278333 0.826945 -0.604426 0.123050 -0.229995 -1.296488 -0.580076 1.488699 -0.171748 0.072872 -0.742719 -0.402010 2.637725 -2.139824 
-0.077417 0.573331 1.977839 0.049432 2.320341 0.641159 -1.742568 -1.128102 -1.186077 -0.891341 -0.340468 -0.764627 -0.152317 0.648888 1.690780 0.278135 -0.631066 0.403971 0.826020 1.956306 
-1.171589 -0.757922 -1.627753 0.477040 -0.652566 -1.365879 -1.046496 -0.514635 -1.145831 4.031198 -0.405630 0.076889 1.305196 -1.279368 2.709725 -0.495775 -1.245936 0.431214 -0.693399 -1.314456 
-0.574883 -0.383761 -0.716471 -0.577425 2.774027 -1.325580 1.655754 -1.473831 1.069840 0.400390 -1.728584 1.025195 1.198951 0.418919 0.113040 1.036754 1.526797 0.444905 2.493866 -1.241229 
1.409905 -1.776915 -0.817992 -0.645734 -0.733414 0.538109 -0.640804 -0.215318 0.224243 0.349571 -1.246294 0.141471 0.743492 -0.493694 0.591314 -1.192378 0.792388 2.394194 0.721216 -0.268349 
-0.887013 -0.445063 -0.320893 -1.705341 -0.662733 -0.601326 0.518894 1.033880 1.266242 -2.119594 -0.043343 -0.301061 -0.185267 0.428573 2.423488 1.942042 0.176264 0.811123 -0.081104 0.634826 
0.084498 0.198722 1.243733 -0.914898 -0.694556 0.077098 1.942018 1.810586 2.110450 1.792477 -1.106589 2.135225 1.754574 -2.903774 0.064553 1.070317 3.173142 1.160144 -0.489537 0.735111 
0.125547 1.535204 0.204853 -1.856633 1.486816 0.997166 -0.731003 -0.460344 -1.324810 0.252263 -1.720610 -0.326749 -3.391682 0.831719 1.715622 0.065971 0.230480 0.301384 0.936007 0.655414 
0.060425 -1.686513 -1.130837 -0.113400 -0.199564 1.848663 -1.428029 -0.673069 0.681633 -0.443463 0.453867 -0.670705 1.172857 0.815754 1.448988 0.307259 1.254754 0.431851 0.171030 0.884979 
-0.516966 -0.036488 0.474548 0.626936 0.871638 0.914429 1.502895 -0.865405 0.037781 -0.448729 1.449047 1.356828 -0.888454 0.735167 1.411302 -0.135969 -1.156038 0.127652 -1.529562 -0.468654 
-0.962796 -0.112731 1.197473 1.551717 1.072230 -1.593301 -0.550121 0.360274 0.213324 -1.057945 -0.517286 -0.469282 0.326096 0.101695 -0.311684 -0.208032 -0.508035 -0.700052 -1.193396 0.769412 
0.219365 -0.028935 1.705014 -0.977191 -1.095091 0.156633 1.077343 3.016228 1.444804 -0.550539 0.463678 -1.115086 1.954101 -0.689655 1.516420 0.719002 0.836410 0.839077 -0.868688 0.245667 
-0.131460 0.093463 1.074151 -0.467603 2.878668 0.315163 -2.196811 1.738480 -1.060565 0.021502 -0.461051 0.913092 -0.535379 0.064070 -0.236783 1.018060 1.101976 -0.180166 0.173309 -0.135207 
-0.038268 -0.001543 1.237373 -1.558871 0.515741 -1.275856 2.539705 -0.416204 0.815946 0.539236 -1.272697 -0.438394 0.890552 -0.978571 -1.544178 0.748883 -1.244093 -1.158846 0.206294 0.386049 
-1.094731 -0.916752 -1.716132 0.251462 -0.416388 -1.562480 -0.787351 -0.367595 -1.828419 3.689722 0.594722 -0.597078 1.422732 -1.062583 2.281542 -0.617906 -1.331857 -0.550644 0.397035 -1.539625 
1.244906 -1.291288 -1.416867 -0.796828 -0.425695 -0.175493 -0.742627 0.063749 0.128473 0.227536 -1.182662 1.319817 -1.006122 -1.100014 -0.669038 -1.526729 -1.796612 1.431329 -0.398098 -0.169754 
-0.875799 -0.694729 1.461767 -0.278977 -0.284093 -1.121559 -1.409094 -0.172858 0.734010 -0.655444 1.027927 -0.279777 -0.061176 -0.689645 -0.503802 -0.920911 -0.306925 -1.029015 0.368803 -1.254981 
-0.368336 -1.083151 -0.178111 -0.767727 0.382070 2.487985 -0.352115 1.098777 1.556554 -0.218919 -0.416541 -0.700305 -0.157906 0.655794 1.599091 0.266689 0.108016 0.527519 1.152859 0.201654 
1.317881 -0.613040 1.090263 0.618714 0.738178 -0.713708 -1.057600 -0.131213 -2.704176 -0.261812 0.846485 1.782535 1.357637 1.774938 2.353883 1.262256 0.882150 -0.530641 -0.585340 -1.377699 
-0.745842 2.135952 -0.147602 -0.177954 -2.001348 -0.427479 -0.068604 0.104595 0.299006 -0.082699 -0.181224 -0.932591 0.742712 0.278353 -0.102025 0.184819 0.475590 1.042081 -0.055585 -0.416338 
-0.771836 -1.210415 1.396013 -0.949523 -0.611831 0.176300 -1.367400 0.822905 0.277497 0.562121 -0.696651 0.050655 -1.077450 0.724790 -0.809509 0.382308 1.123432 -1.076690 -0.585976 -0.514305 
1.267713 -1.620187 0.349649 0.127598 0.527396 0.027453 -0.547107 -0.877303 -0.072590 0.183598 -0.932251 1.001495 -0.227252 0.320398 -1.476154 1.402526 -0.948757 0.914618 0.589339 0.312991 
-1.097237 0.006121 0.460292 2.167214 -0.714370 -0.963053 0.053893 -0.370762 1.810161 -0.642260 -0.690882 0.546485 -0.301174 -0.463167 -1.007534 -0.618180 0.038925 0.781657 -0.981451 -0.100066 
-1.309896 -0.351685 -1.744643 0.330924 0.411000 -0.917176 -0.368154 -0.315690 -1.604396 3.702560 -0.374490 -0.284272 2.738941 -0.916948 4.211687 0.696193 -2.503706 -0.327715 -0.304209 -1.882703 
-0.063450 -0.249412 0.317569 1.611870 0.241374 1.652804 1.936173 0.824730 -0.496797 -0.266144 1.000743 0.722262 0.147461 0.427098 0.479415 -2.220471 -0.236564 2.094221 -0.460707 -0.657774 
-1.334267 1.015163 -0.648750 0.445489 -0.736561 0.471074 -0.755241 -0.967670 1.058498 -0.769747 -0.834337 1.454916 1.519312 0.786395 -1.435350 -1.660759 -0.916125 -0.162788 1.471903 -0.953330 
0.478074 -0.603113 -0.263318 -0.475529 1.745681 1.360374 0.627325 -0.510493 1.400522 0.323447 1.405710 0.086170 0.710228 -0.529335 -1.089304 1.067446 -0.742990 -0.193892 1.812357 0.213904 
1.394052 -0.685191 -0.446671 -1.563923 -0.576593 -0.724583 -0.719675 0.420000 0.175782 -0.053198 -0.368246 -0.198662 -0.862371 0.393067 0.753563 -1.740741 -0.813756 1.382955 0.403592 0.032445 
1.056267 1.565402 -1.018325 1.562370 0.659438 1.254229 0.245437 -0.929062 0.492697 0.407199 -1.606052 1.236900 -2.405860 -0.371131 0.683584 -0.161893 1.621076 0.048525 0.670371 -0.301549 
-0.812686 1.031351 0.451946 -1.056746 -0.706017 -0.568681 -0.062747 0.969176 0.140888 0.099770 0.866671 -0.248357 -0.808355 0.639774 0.732557 0.889275 -0.000553 0.340168 -1.018947 -1.686889 
-0.018185 -0.169808 1.269485 -0.339936 3.237875 0.590476 0.140797 -2.732765 1.007486 0.344246 0.745360 -1.067490 0.610044 1.158535 0.305517 -1.253488 -0.029822 -0.310043 -1.210289 0.750643 
-0.376424 -0.670187 0.491668 1.480287 0.475937 1.412432 2.121464 -0.318459 -1.260941 0.326647 0.755878 0.926167 -0.589465 1.764787 -0.041473 0.644340 -0.839615 1.088361 0.899161 0.451073 
1.612366 0.508290 -0.218930 0.958859 -0.543960 -0.825961 -0.455828 -0.016929 -0.801300 0.000869 0.451784 -0.961329 0.927999 0.702329 -0.268075 0.997819 -0.199573 -1.393162 1.560129 1.170880 
0.640094 0.397305 -1.012377 -1.399330 -1.180338 -0.525785 1.823305 0.656070 -0.574113 -1.007740 -0.646966 0.167692 -1.283673 -0.341030 -0.614743 0.591874 0.938142 -0.061176 0.473647 -1.135692 
-1.041325 -0.061023 -0.589215 -0.172389 0.788488 0.941323 0.564896 1.406388 -0.507370 0.913133 1.795682 -0.362467 -0.532849 -1.549677 -0.706943 -0.761327 -0.431479 -0.461233 2.820698 0.997723 
-0.649255 0.031631 1.861714 1.264406 -1.013164 -1.854240 -1.075457 0.024485 1.545459 1.867408 1.150396 -0.106374 -0.557921 0.692398 -0.222662 -0.533895 0.252230 1.045226 -0.027345 1.043377 
-0.381372 -0.034368 1.643365 -0.945665 -0.264572 -0.241746 0.022976 1.566064 -1.716728 0.880534 0.217436 0.390874 -0.659246 0.150858 -1.272808 0.279681 0.415571 -0.631210 -0.999831 -1.615308 
-1.233192 0.188945 -0.993978 0.095994 0.646414 -0.067349 0.516116 0.913295 0.032605 0.641544 1.550070 -0.200855 -0.137484 -1.470078 -0.480656 -0.542688 0.973534 0.277472 0.676009 0.572091 
1.427692 1.210215 1.010856 0.077874 0.476417 -0.526367 -0.360201 0.290751 1.666546 0.702389 0.333606 -2.036204 0.483532 -0.179026 0.412555 0.813844 -0.368678 0.414915 -1.424027 0.666869 
-1.424821 -0.297605 -1.178212 0.090520 0.556461 -0.020071 0.190787 0.187690 -0.138243 0.870592 0.443115 -1.494441 -0.234730 -2.388544 1.228321 0.162713 -0.459399 -1.551086 -0.395917 -0.046493 
0.677975 -1.444514 0.370718 -0.187778 0.266346 0.412946 -0.354130 -1.330865 0.596117 2.678781 0.831601 -0.358719 1.396527 1.685822 -0.952253 0.465038 -0.295002 -0.366166 -0.590240 -0.197981 
-0.558806 1.589838 -0.221761 -1.045166 -1.418728 1.943898 -0.149977 -0.811410 -1.029250 -0.638326 -0.418643 0.902548 1.331598 0.064098 -0.439677 -1.098032 -1.521245 -1.286506 0.216840 0.588408 
0.736972 2.042737 0.024563 1.908074 -0.477999 2.298932 -0.730380 -0.394094 0.533919 0.161844 -1.704104 3.816179 -0.630598 -1.654800 1.242261 -1.255155 0.067636 -1.581527 -0.992933 -0.492119 
-0.926977 -0.754061 1.425892 -1.002520 -0.049029 0.428950 -0.191216 1.471558 0.440802 -0.535447 -1.799951 0.143134 0.035746 -0.561302 1.583873 1.480674 1.308655 -1.152638 -0.981830 -1.478989 
-0.048746 -0.099351 -1.479379 0.274785 1.159511 -2.165417 -1.254494 -0.750948 2.904527 -2.211662 -0.378841 1.300101 -0.117376 -0.716185 -0.518935 0.951320 -0.280171 0.319758 2.208952 -0.668478 
0.853223 0.458548 -0.827809 0.616563 0.583317 1.463655 1.088098 -0.743370 -0.115542 0.642168 1.619549 -0.168773 -0.880305 -0.858246 -0.755307 0.404186 1.982002 1.080419 -1.054105 -0.192031 
1.422883 1.080244 0.343740 1.018943 0.412053 -0.017084 0.163067 0.139047 0.775713 0.616687 0.375120 -1.204197 1.125366 -0.048371 -0.680034 3.216841 0.724008 0.128704 0.903098 0.781079 
-1.005827 0.098509 -0.614372 -0.713971 0.425934 0.655659 0.012075 0.570919 0.142299 -0.132080 0.895693 1.235246 0.000450 1.015397 -0.532314 0.831722 -0.580282 0.155684 -1.409470 1.324645 
-0.404282 -1.017335 1.912191 -0.191438 -0.101034 0.778980 -0.196967 0.999917 -0.590443 0.243314 0.934781 0.472155 -0.930094 0.974522 -0.116411 -0.120116 0.160266 -0.282123 -0.118486 -0.074267 
-0.207935 -2.012412 0.614762 1.120966 -1.142238 0.970075 0.728647 -2.165400 -0.133608 0.382640 -1.176256 -1.074331 -0.982060 1.109329 0.541825 0.016136 -0.107727 -1.178138 -1.564853 -0.314683 
-0.375854 0.302141 0.646738 -1.864260 0.890063 0.251213 0.334227 1.452026 -0.037159 0.992627 -0.185544 -0.091062 -1.562688 1.372167 0.409485 -0.777891 -0.946449 0.649617 -1.196230 -1.475897 
-0.658743 0.441145 2.173959 0.478695 -1.373022 -1.565207 -0.719466 -0.898548 1.108528 0.962762 1.500935 -0.318710 -0.618453 0.086936 0.114174 -0.204579 0.897973 1.627665 0.232648 1.017506 
-0.540173 1.594254 -0.226663 -1.453978 -1.261652 1.275161 -0.110125 0.014399 -1.246354 -0.163853 -0.143590 0.143838 1.043410 0.578926 -0.039268 0.646294 -0.146785 1.072864 -0.267478 -0.157013 
1.663186 0.373481 0.881317 0.060656 -0.153270 -1.143746 0.551576 -0.470325 -0.381376 0.118630 -0.505055 -0.590619 1.217176 1.117007 0.023109 -2.639964 0.107552 -1.934019 -0.684109 -0.198210 
1.401656 -0.802229 -0.889029 -1.198372 -0.498097 -0.370232 -0.378055 0.617029 0.184554 0.257544 -0.963754 -0.045010 -0.188260 -0.188865 -0.309730 -1.961236 -0.751288 0.830857 0.659382 0.770323 
-0.800114 -0.531793 1.590584 0.219950 1.414337 1.048670 0.570131 0.579359 0.077340 0.525096 0.314122 -0.074934 0.925855 0.448259 -0.770043 -0.757205 -0.332779 -0.503288 -0.565803 1.405568 
1.336368 -1.097294 -0.665860 0.342930 0.039752 -0.218592 -1.637738 0.696231 -1.198174 0.136581 0.588586 1.672613 1.229225 -0.903834 -0.160742 0.337731 -0.674742 0.395826 0.594403 1.092271 
0.162513 -1.258849 0.087028 -1.580544 -0.943614 -0.167893 0.178284 1.905087 0.651344 1.063118 -0.495399 1.344342 0.332645 1.099423 -0.813467 -0.730795 -0.741088 -0.737176 1.493254 1.151485 
-1.010804 1.053910 -0.183884 0.392675 -1.053977 -0.114581 -0.338254 1.383317 1.917304 0.610699 0.082438 2.481817 -0.669703 -0.725453 -0.421006 0.910742 0.453983 0.055427 -1.695292 1.686831 
0.020311 -1.638393 -1.536317 -0.264645 -1.043624 -0.169709 0.221090 -2.110793 1.607313 -1.851617 0.549815 -0.016584 -1.169119 -0.946815 -0.947848 0.453336 0.398398 -1.554204 -0.045074 -1.033983 
-1.085205 1.543339 -0.298521 -0.446235 -1.317533 0.476728 0.187934 -1.660325 0.402564 0.450465 -0.402552 0.540970 -0.529468 -1.132547 1.638021 0.375257 1.713772 0.330476 -0.619958 2.120296 
0.357958 0.658680 0.480595 -1.108068 0.030642 1.445876 1.559001 -0.024317 -0.369922 -0.669791 1.772599 -1.061628 1.910253 0.038556 -0.339803 0.205987 -0.813842 -0.204728 0.731854 -0.191266 
1.401890 0.994744 0.239402 -0.358987 0.869881 0.156790 0.867109 0.423060 1.008953 0.257394 -0.087592 -1.635928 0.434515 -1.243018 -0.023507 -0.029798 0.053140 -0.468505 -0.314827 1.938885 
-0.131205 -0.239449 1.208998 -0.545749 0.579992 0.124663 3.342944 -0.124263 0.326434 0.163024 -1.756959 0.977535 0.953667 -0.531830 -0.915114 1.664272 -1.892746 -1.440986 1.644736 -0.472152 
1.641986 -0.283753 0.946486 0.084899 0.320659 -1.267500 1.240881 0.849779 -0.023302 -1.263993 -0.451638 0.683139 0.571343 0.718720 1.332791 -2.534822 0.754684 -1.235549 -0.483103 -1.328947 
-1.018344 1.188685 1.846699 0.137848 -1.459849 -0.537626 -0.700277 -1.783574 1.059127 -0.144343 0.535262 1.536716 1.541423 -0.424839 0.537413 0.369809 0.819495 2.518584 -0.112212 0.300121 
-0.177396 -0.754466 1.461221 1.417695 1.084408 -0.090787 -0.430382 -0.084135 -2.190758 -0.824036 -1.718687 0.764790 -1.448966 -1.861165 -1.635789 1.227970 0.642087 -0.215460 1.164615 0.289274 
-0.052596 -0.237128 1.241072 -0.297769 3.271425 0.668568 -0.123416 -2.593646 0.931707 0.315038 0.775391 -0.595324 0.868727 1.048189 0.590168 -1.321050 -0.275150 -0.009705 -1.053106 0.546252 
0.541052 -0.507520 0.981225 -0.863724 -1.211755 0.317816 0.178620 1.018435 -1.429287 -1.188107 2.398622 0.297411 -1.323898 0.038404 0.477755 0.465331 -1.283767 -0.182640 0.882589 -0.445429 
-0.513846 0.911138 0.503017 -2.510477 0.387243 -1.413134 1.357073 -0.566717 0.528697 0.740157 -0.867617 -0.322961 -1.708814 0.098815 0.726268 -0.609014 0.259665 -0.657505 -1.570659 -0.063397 
-0.511065 -1.770099 0.359423 0.688433 -1.787629 0.631115 0.755899 -0.495622 0.047125 -2.164537 0.338480 -0.695926 -0.167978 -0.914101 1.205115 -0.294412 1.432238 -0.457066 1.504511 -0.388701 
-0.352179 -1.080462 1.041312 0.087294 -0.224785 -0.591804 2.577160 0.835648 -0.408286 -0.039000 -1.246936 2.113629 0.593907 1.248881 -0.808566 2.225092 -0.965952 -0.689826 1.733456 -0.005663 
-0.243991 -1.371935 0.144608 -0.749506 0.646099 2.117382 -0.400028 -0.296763 2.195452 -1.065782 -0.967266 -1.232531 0.391298 -0.061872 1.267645 0.100041 1.050060 -1.675499 0.593031 -1.200341 
0.588441 0.190911 -2.140145 0.261873 1.342662 0.042553 -0.202676 2.052256 1.403171 -0.845891 0.253961 0.070271 1.057991 1.341307 -0.118799 1.229936 -0.060890 -0.827295 -1.194737 -1.020125 
-0.641860 -0.425435 -1.316458 -1.068392 0.749452 -1.196014 2.034257 -0.217061 1.707498 -0.396492 -0.592602 0.720156 -0.483677 -0.568153 -0.296784 0.050269 -0.519498 0.228227 0.422081 0.558224 
-0.264291 -1.839452 0.355080 0.753078 -1.553402 1.276181 1.591485 0.354779 -0.675099 -1.132963 -1.680893 0.400632 -0.986461 1.031381 0.849882 -0.484920 1.120575 1.658435 2.560517 0.753369 
-0.998404 -0.794582 0.839350 -0.127382 0.260532 -0.314345 -0.512584 0.186825 -0.101116 1.121755 -0.120712 -0.091432 -0.234972 0.291315 -1.956860 -0.445515 1.292264 -1.498888 -1.093822 1.329226 
1.072208 1.839515 1.356603 0.183235 0.494820 0.689345 -1.395036 -1.014496 1.224882 0.500445 0.542059 -1.681656 1.729054 1.553486 0.823126 2.163328 0.723751 1.188082 -0.009969 -1.297102 
