128
-0.304045 0.152159 -1.420262 -0.129672 2.688260 0.321197 -0.581678 -0.549903 0.129416 -0.056489 0.158173 -0.202935 -1.173046 0.711263 -0.684264 -0.335164 0.882481 1.663964 -0.415099 -0.396077 
1.375823 1.827701 0.294130 0.796088 -0.039493 0.631840 -1.277504 -0.878248 0.699557 0.624081 0.187598 -1.444825 0.474859 1.768082 0.604835 2.187596 -0.080450 0.630379 2.210776 -0.523472 
-0.293412 -1.023179 1.093304 0.137408 -0.284442 -0.654574 2.271757 0.820605 -0.491045 0.038121 -1.066513 1.821953 0.564148 1.337891 -1.010105 2.204924 -1.085004 -0.561892 1.677909 -0.039516 
-0.760912 -0.307045 -0.123881 -1.166412 -0.830267 -1.185295 -0.283583 0.025765 -0.254073 -2.151507 2.181804 -0.080541 -0.681209 0.583600 0.543435 -0.603201 -1.078228 0.479819 0.035639 -0.555182 
-0.168676 -0.603300 -0.618358 1.388322 0.780722 -0.054463 1.318823 -2.275731 -0.387656 -0.672322 1.940959 1.562357 -0.204138 0.605438 -0.483442 1.872838 0.356515 -0.452077 -0.071900 -0.602321 
1.647662 -1.199838 0.044892 -0.604180 0.285571 -0.637676 -2.019302 -0.755031 -0.738798 -0.073946 -0.089365 -0.072382 -0.509680 -1.453237 -0.419563 0.297177 -2.087948 1.964191 -1.433915 0.638854 
-0.856019 -0.643774 1.519977 -0.222865 -0.339580 -1.152253 -1.460703 -0.119194 0.720906 -0.589649 1.067741 -0.311949 -0.090733 -0.612495 -0.692726 -0.872611 -0.418467 -0.880152 0.407219 -1.159772 
0.762797 0.057042 -2.021210 -0.242029 0.926234 -0.047738 -0.565426 2.204726 0.356887 -1.956987 0.308996 0.719636 1.914517 -0.118940 0.877830 0.622692 1.190992 -0.467353 -0.286135 -0.261885 
-1.134618 0.154315 0.786321 1.471370 -0.076221 -1.552899 -0.451440 0.062860 1.359656 -0.339465 0.188140 0.828415 -0.756028 1.069995 -0.877719 -0.977846 -0.448616 0.745570 -1.507932 -1.602959 
1.821485 0.375815 1.316267 -0.233060 -0.200274 -0.982545 0.616830 -0.132794 0.214518 -1.087317 0.099578 -0.946810 -0.400368 0.615608 -0.068376 -1.747913 -0.750620 -0.497325 -0.420600 -0.887627 
-0.313574 0.241445 0.580472 -0.018524 1.172345 1.794052 0.320085 -0.878256 -0.392574 0.158752 1.014759 -0.927156 1.305808 1.000847 -1.076710 0.461859 0.524509 0.914558 2.250560 1.133818 
-0.137506 1.550128 -0.157672 -0.704855 0.020825 0.524424 -0.726896 0.235426 -2.252149 -1.284670 0.610748 -1.165950 0.690281 0.103711 0.187281 0.269135 0.799694 1.318798 -1.715268 0.366025 
-1.093945 0.045578 0.503693 2.183267 -0.739607 -1.003344 -0.090861 -0.303615 1.862677 -0.576223 -0.544829 0.424725 -0.330657 -0.384631 -1.217308 -0.576469 -0.068676 0.818801 -0.850065 -0.124166 
-0.158422 -1.576157 -1.356709 -0.540568 -0.662599 0.914401 -0.323468 -0.359217 2.038309 -1.550700 -0.804750 -0.908272 -0.300946 -0.377237 0.726007 -0.987509 0.184425 -0.224942 -0.038283 1.833709 
0.876834 2.048786 0.061521 1.928370 -0.519854 2.061131 -0.825201 -0.325358 0.508614 0.242656 -1.495424 3.339905 -0.659980 -1.583555 1.125608 -1.199582 -0.039638 -1.398575 -0.860756 -0.475718 
-1.240022 0.225404 -0.972081 0.145965 0.525507 -0.161874 0.341934 0.892962 -0.023270 0.731170 1.557611 -0.241585 -0.167017 -1.397703 -0.668622 -0.502620 0.876583 0.345724 0.693273 0.478553 
-1.199908 -0.062732 -0.925258 0.334523 0.662931 -0.329504 0.843775 -0.092456 -0.233395 0.436346 0.139919 0.637681 0.004655 1.022921 0.083719 1.273065 0.194253 -0.241873 -0.339957 -0.760981 
-1.322437 -0.306357 -1.733845 0.377048 0.306644 -0.960245 -0.486037 -0.252295 -1.760091 3.848430 -0.247992 -0.315957 2.708519 -0.841189 4.217942 0.709299 -2.640281 -0.222123 -0.219454 -1.722647 
1.392186 -1.251003 -1.035934 -0.954789 -0.247467 -0.191910 -1.175357 0.288762 0.447017 0.686238 -1.035042 0.560522 -0.212254 -0.906518 -0.851845 -1.540554 -1.471177 1.368590 0.764297 0.173805 
-0.373012 1.370174 0.276144 -2.525128 -0.342693 -0.571921 0.976268 -0.873847 0.127960 0.689732 -1.385376 -0.168079 -2.346477 0.459774 0.945140 0.170562 -0.282116 -0.592058 0.245186 0.101942 
0.064711 0.223317 1.873050 1.033258 -0.765417 -1.413767 -1.373826 1.606277 -0.208991 -1.178620 0.558562 -1.944936 0.116698 -1.756928 0.214222 -0.453197 0.912426 -2.717003 -0.203333 -0.835886 
-0.731201 1.141353 -0.309354 -1.071979 -0.074278 -0.014176 0.439860 -0.736957 0.137443 0.079514 0.951206 -1.634232 -1.221692 1.382251 1.060778 -0.093730 0.481044 1.634348 -0.013119 -0.782027 
0.175778 0.235020 1.298719 -0.848372 -0.721186 -0.026174 1.677053 1.729123 2.181278 1.903251 -0.934841 1.841207 1.724456 -2.840171 -0.100846 1.075281 3.101256 1.173936 -0.392021 0.624732 
-0.526162 -1.822323 0.222965 0.643336 -1.186296 0.608372 -0.457765 -1.259426 -0.087417 0.104252 -0.608928 -2.346678 -0.646148 0.069569 -0.077490 -0.057554 0.261849 -0.002580 -1.328007 0.822564 
1.599871 -1.708207 -0.793493 -0.583617 -0.757312 0.406924 -0.741328 -0.158761 0.180053 0.433832 -1.065911 0.063625 0.713686 -0.415345 0.447718 -1.138170 0.693373 2.331846 0.735367 -0.275065 
0.797879 0.761664 -1.158058 -0.027224 0.175871 0.144682 0.103169 2.645869 0.384523 -0.817602 0.387866 -0.291247 0.673487 0.495917 0.305137 3.101005 -0.539461 -0.078833 -0.965396 0.262443 
-0.908512 -0.165621 1.213169 1.341871 0.684232 -1.735098 -1.094834 0.572346 0.253030 -0.960525 -0.528221 -0.903546 0.228523 0.964765 -1.202428 -1.002333 -0.086804 -0.622754 -0.650292 0.983622 
-0.467116 0.935750 0.547049 -2.417821 0.284557 -1.426174 1.129350 -0.486221 0.503072 0.831595 -0.710640 -0.350452 -1.737862 0.180789 0.588258 -0.567502 0.154579 -0.531565 -1.398703 -0.091286 
-1.173832 -0.705930 -1.615227 0.520771 -0.682148 -1.381780 -1.121191 -0.437686 -1.273564 4.183106 -0.277208 0.006045 1.275217 -1.205826 2.653813 -0.456728 -1.368178 0.489981 -0.581846 -1.213102 
-1.019687 -0.126436 -0.679119 0.234141 0.967381 1.094341 0.318348 1.237586 -0.463040 0.856114 2.311603 -0.756104 -0.769819 -0.647907 -0.113034 -1.633167 -0.447700 0.716074 2.510640 1.074114 
-0.120720 -1.220014 -1.896810 0.594064 -1.123810 -1.025679 -0.661150 -1.715991 -0.377301 0.820365 1.308441 1.028392 0.844333 1.933972 0.080626 0.758089 1.632422 -1.917805 -1.052017 -0.645906 
-0.319462 -0.619635 0.535533 1.507589 0.367015 1.228308 1.845074 -0.254876 -1.395693 0.410487 0.812508 0.763240 -0.618859 1.856954 -0.211261 0.658574 -0.957227 1.106583 0.901059 0.370037 
1.582837 -0.634392 -0.416680 -1.486769 -0.611516 -0.779314 -0.815178 0.433274 0.128638 0.023662 -0.242135 -0.239630 -0.891681 0.476841 0.616683 -1.674599 -0.931074 1.383000 0.439612 -0.005344 
0.772742 0.430346 -0.990751 -1.324871 -1.172814 -0.592553 1.565898 0.653261 -0.666984 -0.948418 -0.503627 0.087003 -1.312853 -0.261747 -0.808259 0.607250 0.840787 0.027971 0.504844 -1.052806 
0.061181 -2.087553 -0.143246 -0.247538 -2.082216 1.182187 -0.650934 0.556447 0.923301 -0.383582 -1.137075 -2.141256 0.867472 -1.281262 0.987475 0.115995 -0.183613 0.974912 0.408114 1.453748 
1.774054 0.729761 -0.219060 0.862922 -0.455776 -0.360190 -0.320682 -0.204808 -1.182818 0.694112 0.240885 -0.754890 0.923256 0.681208 -0.305708 1.534234 -0.316416 -1.194962 1.162227 1.425916 
0.065450 -0.127464 1.324851 -0.282826 2.934773 0.456120 -0.009490 -2.504702 1.011057 0.428409 0.802640 -1.014255 0.580279 1.246993 0.150091 -1.197950 -0.138207 -0.205541 -1.063146 0.638660 
-0.306606 1.089633 0.422969 -1.366449 -0.681768 -0.324540 0.460895 -0.382776 -1.240006 0.177213 0.595786 0.154927 -1.683511 -0.515058 -0.090256 1.326478 0.290390 -0.928351 -0.909440 -1.575673 
0.106813 -1.571958 -1.522438 -0.208768 -1.045712 -0.258037 0.065691 -1.925103 1.647461 -1.807801 0.619181 -0.077293 -1.198334 -0.871239 -1.155151 0.471727 0.294893 -1.372938 0.021839 -0.961604 
-1.348623 1.038069 -0.621748 0.489737 -0.760237 0.343948 -0.848479 -0.859858 1.065180 -0.706052 -0.679417 1.234660 1.489266 0.872576 -1.662832 -1.596358 -1.034609 -0.067371 1.434365 -0.889283 
0.016815 -0.205763 0.358860 1.637016 0.148943 1.454125 1.671580 0.810431 -0.584953 -0.193197 1.042238 0.581444 0.117839 0.511081 0.331187 -2.143889 -0.347304 2.050382 -0.365176 -0.624260 
0.320687 0.011098 1.766820 -0.909645 -1.093561 0.048546 0.867429 2.852629 1.475042 -0.482816 0.538368 -1.056691 1.923922 -0.612505 1.411115 0.731611 0.737897 0.872679 -0.745066 0.185851 
-0.740197 -1.099049 -0.069812 1.302577 -0.859556 0.823422 0.701928 -1.157978 -0.227050 -0.984521 0.611137 -1.695160 -0.619411 -1.604112 0.951103 -0.176062 -0.902156 -1.304083 -1.646796 -0.000632 
1.872010 0.406913 0.930944 0.111206 -0.217955 -1.173097 0.375136 -0.396396 -0.462494 0.198648 -0.370488 -0.589088 1.187224 1.205211 -0.144006 -2.554252 0.000733 -1.729318 -0.573196 -0.212172 
-0.198980 -1.769719 0.396925 0.792289 -1.519650 1.100306 1.348837 0.372497 -0.774128 -1.075943 -1.473648 0.294687 -1.015733 1.119061 0.716988 -0.446110 1.025299 1.641482 2.448023 0.641104 
-0.626017 1.002022 1.653899 -0.428176 -2.099863 -0.608881 -0.764489 -1.413565 1.291280 1.016594 1.654238 1.141143 -1.280349 -1.685197 1.148044 -0.078089 1.690198 0.309935 0.924133 0.119945 
1.917277 -0.461066 0.296984 -0.558372 0.856303 -1.153739 -0.290300 0.187106 -1.143149 -0.302574 -0.045974 0.759381 1.455673 -1.147623 0.254090 -0.463481 0.767796 0.277675 0.403935 -0.148620 
-0.790009 -1.224295 -1.523819 -0.492562 -1.187398 -1.746204 -0.275721 0.245072 -0.740543 0.677187 -1.304864 0.984760 0.438623 1.971450 0.753914 -1.332771 2.242012 0.562128 0.787948 1.290161 
1.765757 -0.822305 0.301738 -0.082234 0.309277 -1.006531 -1.365733 0.276491 -1.643661 0.475378 0.097043 0.779251 1.765161 -0.858167 -0.573169 0.383427 -0.694216 0.620067 -0.461470 1.295767 
-0.891363 -0.360709 0.760346 -0.799418 0.427388 0.207526 -0.457728 0.695881 1.308965 -0.055715 1.605374 1.753362 0.232386 0.197150 0.646603 0.128104 0.067008 -1.174370 -2.119396 2.285955 
-0.666473 -0.174547 0.759643 1.205292 0.810290 0.586491 1.968839 -0.109072 -1.894743 0.012713 1.170537 -0.715524 1.317469 0.495152 0.351671 0.271240 -0.141590 1.058775 1.439519 -0.062946 
-0.514049 -1.656526 0.096072 -0.930130 -0.902438 0.710629 -0.733523 1.191840 1.489292 -0.143150 -2.285392 -0.891046 0.785285 -0.596804 -0.129299 1.035324 0.266826 0.665059 0.311349 0.360943 
-0.470468 0.003669 0.518159 0.668212 0.734896 0.760458 1.265887 -0.764560 -0.017778 -0.379136 1.462832 1.147208 -0.917755 0.821035 1.301647 -0.104753 -1.277256 0.205149 -1.360436 -0.454677 
-0.956621 -0.677760 0.675016 1.616358 0.431133 1.045349 1.264236 -0.422883 -0.649463 -0.707896 -0.236241 -0.893374 0.558404 0.200507 1.757534 0.299839 -1.540011 0.074217 0.152843 -0.915443 
-1.204416 0.189062 -0.999932 0.320206 0.731872 -0.297544 0.129079 1.012859 0.067188 0.047850 1.252753 -0.401315 -0.528731 -0.419392 -0.676567 -1.086992 0.351450 -0.020610 0.536579 0.695789 
-0.552553 0.992718 -0.398378 -0.943807 1.475559 -1.186352 -0.945882 -0.791592 -1.206562 -1.591718 -0.345733 -1.285693 -1.947655 0.071782 0.561076 1.710648 0.078837 1.059304 0.608492 0.945066 
-0.839793 0.537964 -0.882672 1.325052 0.949605 -0.793598 -1.230183 1.832701 0.175387 -1.418598 -0.334784 -0.431586 -0.755249 0.416315 -0.491860 0.023308 -0.391214 0.078073 0.264863 0.578289 
0.295728 1.358412 0.340354 -0.673450 0.351318 1.944836 -0.785573 -0.584974 1.065754 1.557865 -0.819950 0.232092 1.390246 0.806098 -1.396152 -0.352732 0.230844 -1.027961 0.357701 -2.659137 
-0.718578 1.721153 1.489289 -0.726325 -2.329884 -0.211940 -0.889864 -1.563482 0.648194 0.211970 1.059796 1.073291 0.452810 -1.102846 0.864346 0.373180 -0.161973 1.346030 1.525478 0.808283 
-1.091251 -0.862155 -1.704913 0.298887 -0.462575 -1.566477 -0.878545 -0.300664 -1.997775 3.835356 0.661313 -0.594848 1.392717 -0.987715 2.207907 -0.576201 -1.455079 -0.431297 0.433507 -1.415010 
-0.310772 -1.025824 -0.144149 -0.703612 0.279748 2.238737 -0.471019 1.065808 1.593607 -0.145103 -0.287445 -0.686882 -0.187434 0.741176 1.497208 0.289142 0.001202 0.580343 1.137289 0.146385 
-0.495404 1.607660 -0.193420 -1.378624 -1.248412 1.099348 -0.244436 0.055306 -1.380217 -0.089025 -0.031365 0.065735 1.013512 0.663838 -0.208964 0.660486 -0.256503 1.092041 -0.185251 -0.175230 
-0.345706 -1.047422 0.167003 -1.003489 -0.590598 0.450951 -0.688513 2.323813 0.022041 1.416613 -0.980682 0.048390 0.370643 1.344294 -0.412801 -0.338066 0.778280 -0.838116 0.643390 1.476425 
0.032613 -0.058163 -1.464659 0.321828 1.002530 -2.132907 -1.315946 -0.657900 3.023775 -2.174461 -0.252075 1.096631 -0.146916 -0.639197 -0.708486 0.958873 -0.391409 0.385402 2.120666 -0.633858 
1.631172 0.823876 -1.084291 1.422054 -0.844531 -0.416222 1.736952 -0.397988 0.370695 0.761029 -0.303173 -1.011600 -0.817612 1.292299 -0.643389 0.257167 -0.121121 0.825204 -0.262638 0.541698 
-0.619886 1.287247 -0.021818 0.971942 0.690312 -1.402353 -1.381026 1.114740 -0.195655 -1.505444 -0.769518 -1.186102 -0.266017 -0.164345 -0.678083 0.830652 1.221971 -0.591882 -0.410909 0.079452 
-0.995729 0.136451 -0.586861 -0.650736 0.320528 0.517356 -0.130016 0.573912 0.093114 -0.056669 0.943681 1.038808 -0.029127 1.102979 -0.722418 0.841878 -0.694939 0.231451 -1.248613 1.153364 
-0.055985 -0.195962 1.263470 -0.485268 0.463754 0.018512 2.988785 -0.073910 0.288477 0.243857 -1.545012 0.809039 0.923797 -0.453715 -1.121062 1.656309 -2.022358 -1.266705 1.595298 -0.457814 
0.001808 0.603484 2.043679 0.100166 2.081747 0.503734 -1.772945 -1.009361 -1.316265 -0.829881 -0.216073 -0.744230 -0.181846 0.734228 1.592692 0.300339 -0.746302 0.464419 0.832955 1.719771 
-0.774699 -0.483510 1.650698 0.267891 1.239440 0.886571 0.392510 0.581777 0.024193 0.612583 0.398057 -0.129317 0.895993 0.532371 -0.969987 -0.712469 -0.444615 -0.386862 -0.463036 1.225927 
-0.868068 -0.398204 -0.289043 -1.625871 -0.691600 -0.663520 0.344535 1.005332 1.285592 -2.080702 0.062686 -0.330926 -0.214786 0.512565 2.355727 1.928034 0.070228 0.846450 -0.011710 0.534807 
-0.911007 -0.702133 1.483570 -0.934560 -0.121043 0.304374 -0.320364 1.413193 0.409818 -0.467448 -1.585347 0.065108 0.006159 -0.483367 1.481360 1.476706 1.215523 -0.996148 -0.850418 -1.360639 
-0.515424 1.603316 -0.188445 -0.976507 -1.394444 1.727594 -0.281750 -0.714244 -1.149874 -0.572217 -0.289417 0.742183 1.301610 0.145859 -0.625946 -1.045878 -1.646625 -1.121756 0.265719 0.493185 
-0.063133 0.084819 -1.298660 0.480794 0.111732 0.719594 -0.913220 1.984896 -1.789873 2.107818 -0.174791 -0.364764 -0.519784 1.567907 -1.172006 0.055595 1.243667 1.873130 -1.574037 0.167265 
-0.464128 -1.701503 0.401332 0.728702 -1.737409 0.494299 0.566451 -0.419969 -0.007865 -2.126471 0.420909 -0.682978 -0.197503 -0.838324 1.086925 -0.259747 1.340514 -0.343493 1.464728 -0.382984 
-0.557353 1.521750 -0.769441 -1.209035 -0.548553 0.359662 0.107901 -0.467407 -1.560053 -0.833645 0.128283 -0.998352 1.163344 0.528757 -1.073982 -0.109892 1.542799 1.167770 -1.342662 -0.917525 
-1.081017 1.557580 -0.266340 -0.387385 -1.300364 0.349259 0.034647 -1.505325 0.369249 0.536580 -0.274320 0.419808 -0.558881 -1.058107 1.537749 0.395348 1.625256 0.395458 -0.513462 1.866820 
-0.358347 -1.693452 -0.705397 0.496499 -2.221858 -0.585908 1.032384 -0.456973 0.034136 -2.028955 0.116618 0.182860 -0.750276 -0.210837 -0.150410 1.465958 0.650407 0.310283 1.260108 0.373622 
1.312129 1.907442 1.391168 0.418657 0.496550 0.290301 -1.708251 -0.781399 1.094902 0.221358 0.269714 -1.605547 1.666042 1.522420 0.739915 2.107619 0.280095 1.069315 0.256540 -0.731622 
-1.445920 -0.253165 -1.159039 0.140581 0.441877 -0.117459 0.037318 0.216791 -0.204536 0.964426 0.519076 -1.394914 -0.264234 -2.321789 1.111091 0.187430 -0.572679 -1.370012 -0.304847 -0.076128 
-0.258384 -0.741377 -0.451774 -1.115629 -0.052505 1.742999 -0.824143 1.601689 0.923775 1.117375 -0.709063 -0.112773 -1.201307 1.557471 0.025918 1.109030 -0.857341 -0.320769 -0.325754 0.555306 
1.022285 -0.872226 -0.963409 -0.901927 -0.480967 0.259689 -0.067588 0.503091 1.621429 0.428666 0.144313 0.612583 -1.382765 0.275005 -1.973778 -1.279999 -1.674681 0.099776 0.814690 -1.102199 
-0.913024 -0.984864 1.516405 0.656506 0.504965 1.258578 0.298465 0.601382 -0.332369 0.575224 -2.223444 -1.621354 0.566270 -0.750040 0.508034 0.500722 0.070454 -0.562094 -1.346725 -1.219845 
-0.645205 0.699676 -0.816406 2.329676 0.129848 -1.304111 -0.851420 2.248293 -0.398141 0.067258 -1.713846 0.089889 0.028851 0.937589 0.252961 0.445461 -1.279176 1.294197 -0.548179 -0.811342 
0.530352 1.030934 -0.364203 1.129777 1.842793 1.817752 -1.044347 -0.328664 0.295845 -0.099835 -0.621512 -0.479574 -0.128467 -0.235161 0.652928 -0.183386 0.808459 0.061984 0.975237 1.118205 
-0.049102 -1.573529 -1.024848 -0.064755 -1.451416 -0.445392 1.618164 -1.338986 1.752475 -1.473137 -0.012544 -0.476019 -0.463427 -0.747472 0.244716 0.283856 0.393487 -0.939434 0.039942 0.433734 
1.849232 -0.239540 0.997076 0.135052 0.222654 -1.289357 1.020555 0.833773 -0.082586 -1.209380 -0.320372 0.546563 0.541590 0.804487 1.219886 -2.451398 0.655239 -1.073943 -0.386030 -1.226097 
-0.558480 -0.983634 -1.748270 0.022352 -0.817231 -1.586200 -0.858532 -0.656555 -0.553183 1.465281 0.881683 0.956412 1.327942 1.982465 -0.350603 0.354660 1.134441 -0.907996 -0.002719 -0.226566 
-0.106914 -0.417052 0.351277 -0.275882 2.908013 0.166305 1.035425 -1.477604 1.410064 0.622567 -0.514483 -0.092573 0.584359 0.807521 -0.925294 -1.121776 0.182839 0.059576 0.289835 0.371717 
-0.636400 -0.180978 1.930317 0.533716 -0.700964 -1.160480 -1.354073 0.320627 1.663346 0.232312 1.385035 -0.527038 -1.089093 0.214248 -0.479284 -0.641187 -0.632680 -0.302215 0.917012 -1.573557 
-1.001076 1.076180 -0.150008 0.437787 -1.055337 -0.206247 -0.458040 1.330963 1.976354 0.699759 0.180693 2.150221 -0.699072 -0.648522 -0.606503 0.919178 0.351112 0.137379 -1.514754 1.478134 
-0.755915 -1.100830 0.603351 1.799403 -0.340580 -0.698646 0.764032 -1.778934 -2.005932 0.597362 -0.362063 0.095560 -0.377681 0.051861 -1.430265 1.030166 0.806340 0.554141 -0.043227 1.345903 
1.648905 0.741315 1.012377 -0.144178 1.028916 -0.451882 0.786818 0.461621 0.858895 -0.006950 0.351266 -0.935538 0.096541 -1.242240 0.025187 0.103833 -0.061724 -0.274347 -1.514001 0.750375 
-0.612607 0.070671 1.925837 1.295243 -1.017394 -1.840571 -1.148308 0.064704 1.581835 1.979558 1.182640 -0.157348 -0.587325 0.778004 -0.399949 -0.494018 0.147059 1.066109 0.038348 0.901153 
0.219884 1.549579 0.244477 -1.774685 1.306824 0.838186 -0.825784 -0.387095 -1.463457 0.334737 -1.510910 -0.353829 -3.420211 0.918177 1.618562 0.092792 0.125062 0.368161 0.935369 0.553269 
-0.374270 -0.577848 1.446616 0.571137 1.318559 1.752167 -0.117761 1.274294 -0.049038 0.093552 -0.046782 -0.647559 0.968418 0.576662 -0.061458 -0.847470 -0.026161 0.821480 -0.554992 0.944341 
-0.709464 -1.560083 1.494925 0.489695 -0.389026 0.876886 -0.534800 -0.334553 -0.038212 0.028855 -0.967135 -1.673279 -0.346866 0.230177 -0.563772 -1.042611 0.915515 -0.882349 -0.716643 0.619467 
-1.061574 -0.413042 1.291055 0.667230 0.894977 0.293556 0.416056 -0.250540 0.264216 0.136792 0.499451 0.216613 1.298723 -1.038300 -0.406458 -0.590708 0.419010 0.117775 -1.367971 2.299237 
-0.891363 -0.360709 0.760346 -0.799418 0.427388 0.207526 -0.457728 0.695881 1.308965 -0.055715 1.605374 1.753362 0.232386 0.197150 0.646603 0.128104 0.067008 -1.174370 -2.119396 2.285955 
-0.813570 1.334678 -0.186040 -1.208849 -1.350922 1.373639 -0.193210 -1.074985 -1.143865 -0.785835 0.310402 1.075557 1.718056 -0.194835 -0.833672 0.037156 -2.460982 -1.150587 0.390383 2.599308 
-0.744315 -1.151001 1.453250 -0.882431 -0.644276 0.067022 -1.421663 0.808730 0.236556 0.650287 -0.550241 -0.017344 -1.106694 0.810594 -1.011086 0.402245 1.028189 -0.924887 -0.481819 -0.495612 
-0.177168 -1.309871 0.183341 -0.685689 0.525214 1.890573 -0.515881 -0.234658 2.271463 -1.007527 -0.804130 -1.161402 0.361601 0.019119 1.152043 0.126121 0.953980 -1.486749 0.616007 -1.110777 
-0.779387 -0.748990 1.358996 0.450770 0.841079 -0.064620 0.228286 -0.605882 -0.143732 1.339644 0.045492 -0.112400 0.823426 0.531035 -1.332449 -0.933041 0.894596 -0.614786 -0.182558 0.740357 
1.407833 -1.304771 -1.409156 -0.580232 -0.260495 0.163003 -1.784572 -0.481767 -0.182578 -0.021775 -0.466943 0.875683 -1.005319 -0.943700 -1.840796 -0.143262 -2.075675 2.042525 -0.871611 -1.090345 
1.520858 -1.039735 -0.639111 0.388857 -0.038504 -0.303960 -1.674790 0.690687 -1.329099 0.216929 0.655556 1.428754 1.199269 -0.827995 -0.335466 0.358638 -0.790476 0.456776 0.617285 0.944995 
-0.018440 -0.765753 0.336750 -1.370132 -0.273889 -0.222942 0.424248 1.990348 0.240605 1.734309 -0.760637 1.212380 -0.183183 1.089751 -1.528215 0.150886 -0.902516 -0.387839 1.303833 0.797705 
1.219902 1.579281 -0.996787 1.588327 0.537615 1.079684 0.088488 -0.823880 0.464878 0.492520 -1.403432 1.040283 -2.434693 -0.292033 0.543807 -0.130113 1.531503 0.130904 0.688023 -0.304835 
-1.183774 -0.250726 -0.795835 -0.240254 -0.887525 0.124415 -0.524923 -1.265737 -0.207385 -0.713718 -1.187639 -2.473372 -0.514505 -0.352006 0.250539 0.598015 0.210228 -0.826954 -1.023515 0.658699 
-0.333549 -0.907274 1.472902 0.800179 0.756946 -0.155554 -0.262911 -1.352084 -1.512248 0.856561 0.113445 0.172441 -0.727557 -1.290496 -2.524439 -0.329271 1.299281 -0.440607 0.348819 0.679531 
1.791505 0.748424 0.038219 0.927978 -0.428390 -0.613928 -0.508041 0.061914 -0.235371 -0.500163 0.814191 -0.736078 0.524036 -0.559932 -0.475252 0.574824 0.209467 -1.114560 1.658306 0.897709 
-1.009178 1.208744 1.910600 0.187133 -1.432674 -0.603677 -0.797014 -1.620177 1.065847 -0.069157 0.605528 1.307592 1.511370 -0.346068 0.391585 0.390018 0.720788 2.448561 -0.040676 0.234679 
1.458706 -1.567441 -0.304962 -0.127907 0.460800 -0.235146 -2.028085 -0.869221 -0.038742 0.140316 -1.042589 0.309151 -0.438856 -1.653998 -1.300914 0.894352 -1.826452 1.624085 -1.297176 0.796689 
1.688371 -0.474403 -0.332616 -0.000316 0.194519 -0.343458 1.726673 0.355601 -0.921923 -1.298842 -0.338361 0.596880 0.591628 0.196718 1.091780 -2.401172 1.167229 -0.502010 1.063420 -0.481989 
-0.324779 0.005755 1.704259 -0.878636 -0.321432 -0.325712 -0.119809 1.501260 -1.879273 0.974551 0.307346 0.285987 -0.688618 0.233151 -1.493562 0.301852 0.312261 -0.506892 -0.867179 -1.482875 
-0.582091 -0.790429 0.735367 0.279574 -1.266237 -0.868792 0.542210 -0.785171 -1.572374 -1.836242 2.630120 1.034300 -1.189249 0.268782 0.530622 0.128033 -0.043824 0.706742 1.524633 -1.001485 
1.422587 -1.230547 -1.401223 -0.732236 -0.471227 -0.263470 -0.836669 0.101293 0.078445 0.309555 -1.006212 1.114209 -1.035388 -1.025375 -0.864801 -1.465245 -1.925129 1.428389 -0.306878 -0.186655 
-1.033869 -0.020464 -0.561333 -0.118023 0.657592 0.785724 0.387608 1.352463 -0.596171 1.007749 1.788042 -0.385674 -0.562261 -1.477789 -0.904275 -0.716501 -0.544440 -0.347403 2.690290 0.860215 
-0.788207 1.053991 0.495224 -0.987897 -0.731841 -0.632852 -0.200074 0.945036 0.091617 0.179442 0.916453 -0.283936 -0.837681 0.725058 0.594808 0.898178 -0.108604 0.404552 -0.884978 -1.547061 
-0.604662 -0.378897 -1.299329 -0.999352 0.621301 -1.222200 1.763419 -0.160386 1.753755 -0.325940 -0.452624 0.579566 -0.513104 -0.490260 -0.477139 0.077432 -0.633463 0.299518 0.456829 0.466119 
-0.532698 -0.337907 -0.690470 -0.516426 2.503536 -1.343921 1.409014 -1.331535 1.077214 0.485584 -1.518391 0.851531 1.169005 0.502852 -0.050352 1.042448 1.436151 0.502827 2.385962 -1.147441 
-0.563127 -1.285706 1.266151 -0.259927 -0.997530 -0.289479 -0.825306 0.155285 -0.359776 0.059095 0.501577 0.314979 -1.603599 0.043039 -1.972121 -0.253169 1.262577 -0.827998 -0.755967 -1.365430 
0.043872 0.038040 1.292264 -1.481800 0.404021 -1.297208 2.236686 -0.345962 0.807838 0.626982 -1.090682 -0.453369 0.860701 -0.903189 -1.776164 0.760842 -1.366315 -1.001974 0.255899 0.311731 
-0.561168 2.050786 -0.628233 -0.162860 -0.972874 0.368677 -0.578187 0.450463 -1.896584 -1.032199 -1.786646 -0.757019 -0.092001 -0.060875 0.277973 -0.945106 0.980127 -0.347118 0.092596 1.468870 
0.469600 0.687434 0.524297 -1.038379 -0.046973 1.259726 1.318421 0.019227 -0.450342 -0.604260 1.766386 -1.009029 1.880087 0.120161 -0.521939 0.229762 -0.931161 -0.106724 0.745272 -0.205945 
-0.716385 2.140472 -0.113190 -0.123497 -1.936102 -0.500199 -0.205558 0.139356 0.259376 -0.006381 -0.066673 -0.893983 0.712906 0.361426 -0.274319 0.209054 0.372964 1.063158 0.012052 -0.407765 
-0.128381 1.574039 1.218873 -0.450385 -2.256129 -0.442971 -1.338268 0.812495 -0.699145 0.203149 -0.112429 -1.218424 -0.609473 1.579177 -0.346928 0.099544 -0.859227 -0.291833 2.519915 -1.953206 
-0.358978 -0.106887 1.486299 0.274396 1.408424 0.570839 1.285736 1.857758 -0.820894 1.288634 -1.517648 0.007394 0.422755 0.782832 -0.990274 -1.525357 0.239728 0.906840 -0.406887 -0.224898 
0.688136 0.296741 -1.726531 -0.520021 2.446023 0.634623 -0.303482 1.132720 0.539622 -0.604779 -0.355647 0.278783 0.203629 0.032948 -0.325345 0.162838 1.626538 1.081531 -0.854598 -0.532535 
